protocol,controlled_gt_prior,reference_protocol,gt_prior_jitter_limit_m,prior_center_x,prior_center_y,prior_jitter_x,prior_jitter_y,progress_capped_to_gt,direct_kalman_ms_enabled,ms_grid_size,kalman_x,kalman_y,frame_reference_x,frame_reference_y,ms_lattice_index,ms_lattice_x,ms_lattice_y,ms_x,ms_y,ms_support,ms_mode_count,ms_shift_from_kalman_m,ms_latency_ms,frame_id,image_path,gt_x,gt_y,gt_progress_s,gt_cross_e,gt_waypoint_leg,gt_step_parallel,gt_step_norm_m,controlled_gt_motion_envelope,gt_velocity_parallel,gt_heading_deg,gt_turn_rate_deg_per_frame,predicted_progress_s,predicted_cross_e,predicted_x,predicted_y,motion_prediction_error_m,kalman_progress_std_m,acquisition_hypothesis_count,acquisition_radius_m,acquisition_selected_index,acquisition_target_index,acquisition_confidence,acquisition_margin,selected_hypothesis_center_s,selected_hypothesis_center_e,selected_candidate_capture,bank_candidate_capture,search_grid_size,search_candidate_count,forward_only_search,search_heading_deg,raw_top1_x,raw_top1_y,softms_x,softms_y,softms_mode_count,visual_anchor_x,visual_anchor_y,visual_anchor_s,visual_anchor_e,visual_entropy,visual_margin,visual_var_s,visual_var_e,candidate_capture,measurement_s,measurement_e,visual_measurement_error_m,measurement_var_s,measurement_var_e,local_visual_confidence,kalman_raw_measurement_s,kalman_raw_measurement_e,kalman_used_measurement_s,kalman_used_measurement_e,kalman_measurement_clip_s,kalman_measurement_clip_e,kalman_posterior_projection_m,kalman_step_limited,kalman_step_limit_m,kalman_motion_step_s,kalman_motion_step_e,v_parallel,v_cross,a_parallel,a_cross,heading_residual_deg,turn_rate_deg_per_frame,estimated_heading_deg,polynomial_heading_deg,heading_error_deg,poly_next_step_parallel,poly_next_step_cross,kalman_nis,kalman_r_scale,final_progress_s,final_cross_e,waypoint_leg_before_update,waypoint_leg,target_waypoint,route_remaining_m,route_leg_progress,progress_error_m,speed_error_m_per_frame,final_x,final_y,final_step_m,gt_step_for_jump_m,excess_step_over_gt_m,abnormal_jump,error_final_m,end_to_end_latency_ms
GT+smooth-jitter_controlled_forward3x6_SoftMS_local_prior_3frame_causal_heading_continuous_waypoint_RNN_polynomial_Kalman,1,controlled_gt_jitter,8.0,134.2783964771973,-82.67423755504318,-3.505890021826147,-3.400800055043172,0,1,6,141.751812,-78.197956,141.751812,-78.197956,618,140.75181579589844,-80.69795227050781,140.76116943359375,-80.33186340332031,0.962185263633728,1,2.352643938279055,7.7945091761648655,0,/yh/study/cvpr_data/Bearing_UAV_90K/citya/uav_254k_34bc_b15_s100/blk_2_0_s_081_v3d.jpg,137.78428649902344,-79.2734375,0.0,3.5194132913518574,0,0.0,0.0,1,0.0,74.05460409907715,0.0,0.0,0.0,141.751812,-78.197956,4.110707853611294,3.9437776004368144,1,0.0,0,0,0.4543035353578314,1.0,0.0,5.956139087677002,1,1,6,18,1,74.05460409907715,132.75181579589844,-72.69795227050781,132.92503356933594,-73.93521118164062,9,132.92503356933594,-73.93521118164062,1.6738287210464478,9.658225059509277,0.8782088160514832,0.10522377490997314,4.0,26.122819900512695,1,1.6738287210464478,9.658225059509277,7.218656475386005,4.0,26.122819900512695,0.4543035353578314,1.6738287210464478,9.658225059509277,1.6738287210464478,2.099600833340422,0.0,7.558624226168855,0.0,1,0.0,0.0,0.0,0.0,0.0,0.0,0.0,0.0,0.0,74.05460409907715,74.05460409907715,0.0,0.0,0.0,0.012673712321432046,1.0,0.0,0.36629710248325464,0,0,1,163.80247250881166,0.0,0.0,0.0,140.76116943359375,-80.33186340332031,0.0,0.0,0.0,0,3.1594457423661155,38.18240109831095
GT+smooth-jitter_controlled_forward3x6_SoftMS_local_prior_3frame_causal_heading_continuous_waypoint_RNN_polynomial_Kalman,1,controlled_gt_jitter,8.0,145.75290371559282,-75.8983681157621,-3.4008591017899956,-3.5381691411527214,0,1,6,143.53204606540282,-71.20069128946457,143.85249882311322,-70.84555211910377,737,140.75181579589844,-72.69795227050781,141.19198608398438,-72.66618347167969,0.9534093141555786,1,2.7610773355286033,6.5045347437262535,1,/yh/study/cvpr_data/Bearing_UAV_90K/citya/uav_254k_34bc_b15_s100/blk_3_0_s_032_v3d.jpg,149.1537628173828,-72.36019897460938,7.646615457613874,-5.513397775766971,0,13.306308979678768,13.306308979678768,1,13.306308979678768,31.301797560098063,-12.000000000000002,7.646615457613874,0.0,143.85249882311322,-70.84555211910377,5.51339777576697,5.286166017459404,1,0.0,0,0,0.5012535894450455,1.0,3.310293197631836,-3.215400218963623,1,1,6,18,1,74.05460409907715,132.75181579589844,-72.69795227050781,137.9693145751953,-72.88768005371094,8,137.9693145751953,-72.88768005371094,4.0668253898620605,5.095807075500488,0.8202981948852539,0.11089973151683807,4.0,24.95621109008789,1,4.0668253898620605,5.095807075500488,11.196880123736774,4.0,24.95621109008789,0.5012535894450455,4.0668253898620605,5.095807075500488,4.0668253898620605,2.177068422584325,0.0,2.918738652916163,0.0,0,12.853533497913576,12.853533497913576,0.0,0.0,0.0,0.0,0.0,0.0,0.0,74.05460409907715,74.05460409907715,42.75280653897909,0.0,0.0,0.06680418843540016,1.0,5.165135751807613,2.0579808130108614,0,0,1,158.63733675700405,0.0315327093217702,2.4814797058062608,13.306308979678768,141.19198608398438,-72.66618347167969,7.677776488060304,13.306308979678768,0.0,0,7.967654313844951,37.81874803826213
GT+smooth-jitter_controlled_forward3x6_SoftMS_local_prior_3frame_causal_heading_continuous_waypoint_RNN_polynomial_Kalman,1,controlled_gt_jitter,8.0,144.5865541221388,-66.71221388211481,-3.2904295204393312,-3.672266372349181,0,1,6,144.8656132650232,-64.13241217793684,146.21809134780366,-62.565978282687205,857,148.75181579589844,-64.69795227050781,148.00555419921875,-64.68067169189453,0.9325825572013855,1,3.187446872479908,6.973730865865946,2,/yh/study/cvpr_data/Bearing_UAV_90K/citya/uav_254k_34bc_b15_s100/blk_3_0_s_006_v3d.jpg,147.87698364257812,-63.039947509765625,16.257502224117374,-1.7252740286341157,0,9.407297828236173,9.407297828236173,1,9.407297828236173,97.8003833854528,12.000000000000002,16.257502224117374,0.2105587671840306,146.0156340507705,-62.50813334067772,1.9358327958181367,7.006944846090337,1,0.0,0,0,0.5193172090157007,1.0,11.822579383850098,0.42970359325408936,1,1,6,18,1,74.05460409907715,132.75181579589844,-72.69795227050781,140.7882080078125,-67.24024963378906,5,140.7882080078125,-67.24024963378906,10.271374702453613,3.9368417263031006,0.8023535013198853,0.15346194803714752,4.0,44.73760223388672,1,10.271374702453613,3.9368417263031006,8.239737709898804,4.0,44.73760223388672,0.5193172090157007,10.271374702453613,3.9368417263031006,10.271374702453613,2.417432162059937,0.0,1.5194095642431638,0.0,0,9.377945740104218,9.377945740104218,0.0,0.0,0.0,0.0,0.0,0.0,0.0,74.05460409907715,74.05460409907715,23.745779286375654,0.0,0.0,0.17894204857417592,1.0,14.715227679861732,-2.2996392956885536,0,0,1,149.08724482894993,0.08983519878840739,1.5422745442556423,9.407297828236173,148.00555419921875,-64.68067169189453,10.497290547852145,9.407297828236173,1.0899927196159727,0,1.6457540004075484,42.305771727114916
GT+smooth-jitter_controlled_forward3x6_SoftMS_local_prior_3frame_causal_heading_continuous_waypoint_RNN_polynomial_Kalman,1,controlled_gt_jitter,8.0,146.04925277105534,-56.75971492120446,-3.1747004760149813,-3.8028744060677466,0,1,6,147.645774690432,-55.06400664469522,148.98321165615786,-52.88805720344745,976,148.75181579589844,-56.69795608520508,148.7501220703125,-56.46666717529297,0.9752246737480164,1,1.7852281925696987,6.37038191780448,3,/yh/study/cvpr_data/Bearing_UAV_90K/citya/uav_254k_34bc_b15_s100/blk_3_1_s_052_v3d.jpg,149.2239532470703,-52.95684051513672,26.322692075067334,-0.2503750338232627,0,10.172677807763314,10.172677807763314,1,10.172677807763314,82.39109039848066,-12.000000000000002,24.48864780022288,0.8701075787730936,147.64273167034477,-54.41249775931134,2.149232348356143,9.174094031693567,1,0.0,0,0,0.18113283528443108,1.0,21.79397964477539,1.7574455738067627,1,1,6,18,1,74.05460409907715,164.75181579589844,-64.69795227050781,147.67190551757812,-58.28614044189453,12,147.67190551757812,-58.28614044189453,20.772062301635742,-0.22211526334285736,0.8843457102775574,0.011879652738571167,4.0,81.64836120605469,1,20.772062301635742,-0.22211526334285736,5.550701712066037,4.0,81.64836120605469,0.18113283528443108,20.772062301635742,-0.22211526334285736,20.772062301635742,-0.22211526334285736,0.0,0.0,0.0,0,10.108863583142249,10.108863583142249,0.0,0.0,0.0,0.0,0.0,0.0,0.0,74.05460409907715,74.05460409907715,8.3364862994035,0.0,0.0,0.024964314244579577,1.0,22.81773825394704,-0.7589985490342065,0,0,1,140.98473425486463,0.13930032864869957,3.504953821120292,10.172677807763314,148.7501220703125,-56.46666717529297,8.247681584143264,10.172677807763314,0.0,0,3.5416661571090056,44.57682929933071
GT+smooth-jitter_controlled_forward3x6_SoftMS_local_prior_3frame_causal_heading_continuous_waypoint_RNN_polynomial_Kalman,1,controlled_gt_jitter,8.0,145.44228299292016,-50.82331429721636,-3.0537802395017297,-3.9297786832026897,0,1,6,149.05218639676283,-49.460982133672104,150.52990427044332,-47.47463305344837,1095,148.75181579589844,-48.69795608520508,148.76722717285156,-48.69565963745117,0.9975744485855103,1,0.8166518735140166,7.768311072140932,4,/yh/study/cvpr_data/Bearing_UAV_90K/citya/uav_254k_34bc_b15_s100/blk_3_1_s_026_v3d.jpg,148.49606323242188,-46.89353561401367,31.95273817353566,2.115226607732073,0,6.106839624339881,6.106839624339881,1,6.106839624339881,96.84550679790945,12.000000000000002,30.12851050407273,0.6881983862582542,149.3670311584318,-49.03960900669596,2.3160777480293873,11.397971323955801,1,0.0,0,0,0.13829414847057422,1.0,27.335224151611328,3.9719161987304688,1,1,6,18,1,74.05460409907715,164.75181579589844,-64.69795227050781,144.90829467773438,-52.072654724121094,8,144.90829467773438,-52.072654724121094,25.987255096435547,4.142138481140137,0.9187708497047424,0.0068985894322395325,4.0,104.00381469726562,1,25.987255096435547,4.142138481140137,6.300425389267818,4.0,104.00381469726562,0.13829414847057422,25.987255096435547,4.142138481140137,25.987255096435547,2.2663837312347015,0.0,1.8757547499054352,0.0,0,6.265468117336658,6.265468117336658,0.0,0.0,0.0,0.0,0.0,0.0,0.0,74.05460409907715,74.05460409907715,22.790902698832305,0.0,0.0,0.015818244756898737,1.0,30.29444723194161,1.3594144409425795,0,0,1,133.50802527687006,0.1849449936130356,1.6582909415940499,6.106839624339881,148.76722717285156,-48.69565963745117,7.771026363211419,6.106839624339881,1.6641867388715381,0,1.8224107326395766,62.09103390574455
GT+smooth-jitter_controlled_forward3x6_SoftMS_local_prior_3frame_causal_heading_continuous_waypoint_RNN_polynomial_Kalman,1,controlled_gt_jitter,8.0,140.4242341732728,-43.66443927073531,-2.9277860903990813,-4.0527678229814,0,1,6,151.03209035104524,-42.10316234034975,152.06518590162514,-42.10114734431198,1214,148.75181579589844,-40.69795608520508,149.24667358398438,-40.71678924560547,0.9504903554916382,1,2.2604741515737143,9.574644267559052,5,/yh/study/cvpr_data/Bearing_UAV_90K/citya/uav_254k_34bc_b15_s100/blk_3_1_s_096_v3d.jpg,143.35202026367188,-39.611671447753906,37.541247666534424,9.061829046828969,0,8.9155327266633,8.9155327266633,1,8.9155327266633,125.2380876354649,12.000000000000002,37.541247666534424,0.8751690636836801,151.2236898886589,-41.86071991203591,8.186659983145297,13.732264134982621,1,0.0,0,0,0.12810659094489588,1.0,32.840087890625,10.76358413696289,1,1,6,18,1,74.05460409907715,164.75181579589844,-56.69795608520508,138.97547912597656,-42.301109313964844,9,138.97547912597656,-42.301109313964844,33.752960205078125,12.531132698059082,0.9238393902778625,0.003178507089614868,4.0,100.07128143310547,1,33.752960205078125,12.531132698059082,5.136846281043033,4.0,100.07128143310547,0.12810659094489588,33.752960205078125,12.531132698059082,33.752960205078125,2.4365449387427582,0.0,10.094587759316324,0.0,0,8.834641470368624,8.834641470368624,0.0,0.0,0.0,0.0,0.0,0.0,0.0,74.05460409907715,74.05460409907715,51.18348353638774,0.0,0.0,0.00620914258651266,1.0,38.09803624765633,3.090379508422757,0,0,1,125.70443626115534,0.23258523308069645,0.5567885811219071,8.9155327266633,149.24667358398438,-40.71678924560547,7.993262262119274,8.9155327266633,0.0,0,5.997351341533983,49.461064860224724
GT+smooth-jitter_controlled_forward3x6_SoftMS_local_prior_3frame_causal_heading_continuous_waypoint_RNN_polynomial_Kalman,1,controlled_gt_jitter,8.0,159.41102624882183,-35.58159190296325,-2.796844234576623,-4.17163401722106,0,1,6,154.8671415942944,-29.670665855552578,155.65475931194723,-29.5376404081847,1334,156.75181579589844,-32.69795608520508,156.73837280273438,-32.334556579589844,0.9618871212005615,1,3.2554293150138487,6.772044114768505,6,/yh/study/cvpr_data/Bearing_UAV_90K/citya/uav_254k_34bc_b15_s100/blk_3_2_s_061_v3d.jpg,162.20787048339844,-31.409957885742188,50.60749210792651,-6.81533849211951,0,20.562373230297354,20.562373230297354,1,20.562373230297354,23.507554954132235,-12.000000000000002,50.60749210792651,0.992792550099582,154.7001654999871,-29.264899319053228,7.80813104221908,15.149717363207772,1,0.0,0,0,0.18976776677313179,1.0,45.8280143737793,-5.272141933441162,1,1,6,18,1,74.05460409907715,180.75181579589844,-48.69795608520508,158.60067749023438,-32.563377380371094,7,158.60067749023438,-32.563377380371094,48.50748062133789,-3.663804769515991,0.8762511610984802,0.009493246674537659,5.291504859924316,62.859779357910156,1,48.50748062133789,-3.663804769515991,3.78711143861802,5.291504859924316,62.859779357910156,0.18976776677313179,48.50748062133789,-3.663804769515991,48.50748062133789,-0.6703242650760854,0.0,-2.9934805044399053,0.0,0,19.667383371873566,19.667383371873566,0.0,0.0,0.0,0.0,0.0,0.0,0.0,74.05460409907715,74.05460409907715,50.54704914494492,0.0,0.0,0.0042862629292004725,1.0,48.21588174997044,-1.8102922866213391,0,0,1,115.58659075884123,0.29435380926485527,2.3916103579560684,20.562373230297354,156.73837280273438,-32.334556579589844,11.242214268169718,20.562373230297354,0.0,0,5.547097224986628,36.65497386828065
GT+smooth-jitter_controlled_forward3x6_SoftMS_local_prior_3frame_causal_heading_continuous_waypoint_RNN_polynomial_Kalman,1,controlled_gt_jitter,8.0,162.34397621381402,-35.42031343777371,-2.6610897041547403,-4.286173423125272,0,1,6,155.37590653939384,-28.871696209642643,155.93872595220373,-28.543757167286998,1334,156.75181579589844,-32.69795608520508,156.74404907226562,-30.379608154296875,0.8669822216033936,1,2.0360777055612918,6.952490191906691,7,/yh/study/cvpr_data/Bearing_UAV_90K/citya/uav_254k_34bc_b15_s100/blk_2_1_s_015_v3d.jpg,165.00506591796875,-31.134140014648438,51.64114628090502,-9.42913589204931,0,2.810761070812617,2.810761070812617,1,2.810761070812617,5.63145443035463,-12.000000000000002,51.64114628090502,0.7207683961694573,155.24568987858413,-28.34574686053854,10.14990428821876,16.382501878699227,1,0.0,0,0,0.2603206992003382,1.0,46.7888298034668,-8.04793643951416,1,1,6,18,1,74.05460409907715,180.75181579589844,-48.69795608520508,162.5795135498047,-33.65376281738281,9,162.5795135498047,-33.65376281738281,48.55211639404297,-7.789103031158447,0.863599419593811,0.035279780626297,4.711190223693848,64.87030792236328,1,48.55211639404297,-7.789103031158447,3.4974009530977126,4.711190223693848,64.87030792236328,0.2603206992003382,48.55211639404297,-7.789103031158447,48.55211639404297,-1.0587607575111009,0.0,-6.730342273647347,0.0,0,2.6961351094687194,2.6961351094687194,0.0,0.0,0.0,0.0,0.0,0.0,0.0,74.05460409907715,74.05460409907715,68.42314966872253,0.0,0.0,0.006108957146781054,1.0,50.097170868460225,-1.2786845193312222,0,0,1,113.70530164035144,0.30583891745446806,1.5439754124447944,2.810761070812617,156.74404907226562,-30.379608154296875,1.954956665911357,2.810761070812617,0.0,0,8.295403405095884,42.82725788652897
GT+smooth-jitter_controlled_forward3x6_SoftMS_local_prior_3frame_causal_heading_continuous_waypoint_RNN_polynomial_Kalman,1,controlled_gt_jitter,8.0,166.33106410728612,-12.229833328062274,-2.5206662393935693,-4.396186553770281,0,1,6,161.44435843819156,-8.763407602705023,162.38388751974776,-5.98569168088288,1692,164.75181579589844,-8.697956085205078,164.40245056152344,-8.661706924438477,0.9607865214347839,1,2.959839866965439,7.219681050628424,8,/yh/study/cvpr_data/Bearing_UAV_90K/citya/uav_254k_34bc_b15_s100/blk_2_1_s_075_v3d.jpg,168.8517303466797,-7.833646774291992,75.10188851384905,-6.726658075237025,0,21.00403244969687,23.615880514412467,1,21.00403244969687,80.62562853749208,12.000000000000002,73.64781672768348,0.4510725600163089,161.55070621002926,-7.259897362418704,7.323533425306192,14.41569035488787,1,0.0,0,0,0.15051866532189587,1.0,70.182373046875,-5.510702610015869,1,1,6,18,1,74.05460409907715,148.75181579589844,-0.6979560256004333,161.8977813720703,-8.889081954956055,8,161.8977813720703,-8.889081954956055,72.17666625976562,-0.33021995425224304,0.9382988214492798,0.006452031433582306,4.0,60.15135192871094,1,72.17666625976562,-0.33021995425224304,7.033586984702224,4.0,60.15135192871094,0.15051866532189587,72.17666625976562,-0.33021995425224304,72.17666625976562,-0.33021995425224304,0.0,0.0,0.0,1,21.00403244969687,22.476610073259472,0.0,0.0,0.0,0.0,0.0,0.0,0.0,74.05460409907715,74.05460409907715,6.5710244384149235,0.0,0.0,0.0032447441686713954,1.0,73.08337768848702,-2.6760546304701927,0,0,1,90.71909482032464,0.44616773220291617,2.0185108253620285,21.00403244969687,164.40245056152344,-8.661706924438477,23.02864188788716,23.615880514412467,0.0,0,4.525679420690408,46.63507593795657
GT+smooth-jitter_controlled_forward3x6_SoftMS_local_prior_3frame_causal_heading_continuous_waypoint_RNN_polynomial_Kalman,1,controlled_gt_jitter,8.0,163.75023515109785,-3.1818206244276706,-2.375726152613076,-4.501478665428037,0,1,6,164.45078247247673,-0.07182032110347948,164.5960232035632,1.7567832124711487,1811,164.75181579589844,-0.6979560256004333,164.75140380859375,-0.651983380317688,0.9945303201675415,1,0.6534235708983649,7.6033491641283035,9,/yh/study/cvpr_data/Bearing_UAV_90K/citya/uav_254k_34bc_b15_s100/blk_3_2_s_036_v3d.jpg,166.12596130371094,1.3196580410003662,83.15418394793659,-1.5911596418389495,0,9.550539561577715,9.550539561577715,1,9.550539561577715,106.58304199276228,12.000000000000002,81.70943604294784,0.14028246039976094,164.06423548446895,0.4061620592658038,2.2550361997924173,13.79907259510009,1,0.0,0,0,0.24566972175849566,1.0,78.1732406616211,-0.5434933304786682,1,1,6,18,1,74.05460409907715,172.75181579589844,-0.6979560256004333,166.4228973388672,-1.5448906421661377,8,166.4228973388672,-1.5448906421661377,80.48143005371094,-2.6636228561401367,0.8543131947517395,0.016575634479522705,4.0,26.32388687133789,1,80.48143005371094,-2.6636228561401367,2.87989422116987,4.0,26.32388687133789,0.24566972175849566,80.48143005371094,-2.6636228561401367,80.48143005371094,-1.6150725805017567,0.0,-1.04855027563838,0.0,0,9.536496396651497,9.536496396651497,0.0,0.0,0.0,0.0,0.0,0.0,0.0,74.05460409907715,74.05460409907715,32.528437893685116,0.0,0.0,0.00494570208122445,1.0,80.8807835197603,-0.8111412479482794,0,0,1,82.92168898905136,0.4937702238616048,2.273400428176288,9.550539561577715,164.75140380859375,-0.651983380317688,8.017321224815918,9.550539561577715,0.0,0,2.403492916910702,42.22288215532899
GT+smooth-jitter_controlled_forward3x6_SoftMS_local_prior_3frame_causal_heading_continuous_waypoint_RNN_polynomial_Kalman,1,controlled_gt_jitter,8.0,170.27541613926576,-1.0951882353522855,-2.2264301742108037,-4.601860140869864,0,1,6,166.22257224909418,4.596406928552199,165.6549238477576,5.462935467151567,1930,164.75181579589844,7.302043914794922,164.7593994140625,7.170994758605957,0.9847196340560913,1,2.9613134315427634,9.046077728271484,10,/yh/study/cvpr_data/Bearing_UAV_90K/citya/uav_254k_34bc_b15_s100/blk_2_1_s_039_v3d.jpg,172.50184631347656,3.506671905517578,87.00864047371918,-7.120906850545366,0,6.740544436567755,6.740544436567755,1,6.740544436567755,18.93265413649404,-12.000000000000002,87.00864047371918,-0.3627035841082528,166.00367202977284,5.363293129432926,6.758203266437113,13.482605935945825,1,0.0,0,0,0.2443554001573425,1.0,81.9721908569336,-6.244369029998779,1,1,6,18,1,74.05460409907715,164.75181579589844,15.302043914794922,168.26397705078125,1.8007571697235107,13,168.26397705078125,1.8007571697235107,84.20413208007812,-3.514744997024536,0.9303534626960754,0.03641431778669357,4.0,38.49301528930664,1,84.20413208007812,-3.514744997024536,4.568333464600854,4.0,38.49301528930664,0.2443554001573425,84.20413208007812,-3.514744997024536,84.20413208007812,-2.1158899943678677,0.0,-1.3988550026566684,0.0,0,6.653509146563611,6.653509146563611,0.0,0.0,0.0,0.0,0.0,0.0,0.0,74.05460409907715,74.05460409907715,55.12194996258311,0.0,0.0,0.011027636106748624,1.0,88.40496090395862,1.3303081637592766,0,0,1,75.39751160485304,0.5397046793613138,1.3963204302394416,6.740544436567755,164.7593994140625,7.170994758605957,7.822982224943635,6.740544436567755,1.0824377883758798,0,8.565789278397654,62.76226183399558
GT+smooth-jitter_controlled_forward3x6_SoftMS_local_prior_3frame_causal_heading_continuous_waypoint_RNN_polynomial_Kalman,1,controlled_gt_jitter,8.0,166.5323688812259,0.4126701602496565,-2.0729472808834766,-4.697146867795998,0,1,6,166.92190450338822,4.830419306747581,165.78431839700144,5.915816389505068,1930,164.75181579589844,7.302043914794922,164.76754760742188,7.242727756500244,0.9914864301681519,1,3.2342674119413566,7.82668124884367,11,/yh/study/cvpr_data/Bearing_UAV_90K/citya/uav_254k_34bc_b15_s100/blk_3_2_s_079_v3d.jpg,168.60531616210938,5.109817028045654,87.47964374250378,-2.933881961057216,0,4.213433457929431,4.213433457929431,1,4.213433457929431,157.6363177768176,12.000000000000002,87.47964374250378,-0.783861229204459,166.5380197405087,5.700473148502994,2.1500207318527567,12.256101118050884,1,0.0,0,0,0.2966438708083148,1.0,82.39374542236328,-2.2310988903045654,1,1,6,18,1,74.05460409907715,172.75181579589844,-0.6979560256004333,168.74755859375,2.78121018409729,9,168.74755859375,2.78121018409729,85.27970886230469,-3.7103688716888428,0.866584062576294,0.03777478635311127,4.0,20.3449649810791,1,85.27970886230469,-3.7103688716888428,2.3329477918502346,4.0,20.3449649810791,0.2966438708083148,85.27970886230469,-3.7103688716888428,85.27970886230469,-2.6233236160381788,0.0,-1.0870452556506642,0.0,0,3.968218477366897,3.968218477366897,0.0,0.0,0.0,0.0,0.0,0.0,0.0,74.05460409907715,74.05460409907715,83.58171367774047,0.0,0.0,0.012160209529909255,1.0,88.47617238014006,1.342180050803193,0,0,1,75.3263001286716,0.5401394192958872,0.9965286376362741,4.213433457929431,164.76754760742188,7.242727756500244,0.0721942936936401,4.213433457929431,0.0,0,4.39064638235703,39.32337183505297
GT+smooth-jitter_controlled_forward3x6_SoftMS_local_prior_3frame_causal_heading_continuous_waypoint_RNN_polynomial_Kalman,1,controlled_gt_jitter,8.0,171.57845723696155,11.65193202457049,-1.9154545062024992,-4.787160611537908,0,1,6,170.68232278384636,15.898609677949327,169.145907846758,17.681379463652988,2050,172.75181579589844,15.302043914794922,171.80105590820312,15.358552932739258,0.9160044193267822,1,1.242266111418944,7.8388419933617115,12,/yh/study/cvpr_data/Bearing_UAV_90K/citya/uav_254k_34bc_b15_s100/blk_3_2_s_017_v3d.jpg,173.49391174316406,16.4390926361084,99.71601404094064,-4.521992309265136,0,12.338997226620682,12.338997226620682,1,12.338997226620682,66.65974617487014,-12.000000000000002,98.85040484145095,-1.3919977945860071,170.24654592571352,16.466664284886114,3.2474828634132242,11.296460006980842,1,0.0,0,0,0.3297609407440374,1.0,94.58683013916016,-3.995371103286743,1,1,6,18,1,74.05460409907715,180.75181579589844,23.302043914794922,173.1741943359375,14.17724609375,10,173.1741943359375,14.17724609375,97.45336151123047,-4.835953235626221,0.9054131507873535,0.06952384859323502,4.60244083404541,54.10662078857422,1,97.45336151123047,-4.835953235626221,2.284330959709063,4.60244083404541,54.10662078857422,0.3297609407440374,97.45336151123047,-4.835953235626221,97.45336151123047,-3.286103346813669,0.0,-1.5498498888125516,0.0,0,12.101877448491027,12.101877448491027,0.0,0.0,0.0,0.0,0.0,0.0,0.0,74.05460409907715,74.05460409907715,7.394857924207022,0.0,0.0,0.009220457810436782,1.0,98.21198597542637,-3.191117970094155,0,0,1,65.59048653338529,0.5995757235602357,1.5040280655142624,12.338997226620682,171.80105590820312,15.358552932739258,10.739499863049199,12.338997226620682,0.0,0,2.0083144496115053,45.46711593866348
GT+smooth-jitter_controlled_forward3x6_SoftMS_local_prior_3frame_causal_heading_continuous_waypoint_RNN_polynomial_Kalman,1,controlled_gt_jitter,8.0,166.5785353854074,18.668830387491706,-1.75413673373321,-4.871729381185051,0,1,6,172.04773250340213,22.21993470186704,170.632239570529,22.88354049685151,2169,172.75181579589844,23.302043914794922,172.70846557617188,23.298009872436523,0.9944586753845215,1,1.2644422750170015,7.182964589446783,13,/yh/study/cvpr_data/Bearing_UAV_90K/citya/uav_254k_34bc_b15_s100/blk_2_1_s_079_v3d.jpg,168.33267211914062,23.540559768676758,105.12634318142896,2.391586249131452,0,8.778908240296072,8.778908240296072,1,8.778908240296072,126.00909091475957,12.000000000000002,105.12634318142896,-1.9670642818334074,172.52361898406073,22.34314637869959,4.358650530964864,10.979563250608598,1,0.0,0,0,0.34907640171142706,1.0,99.96015930175781,2.739863634109497,1,1,6,18,1,74.05460409907715,164.75181579589844,31.302043914794922,167.29989624023438,22.665061950683594,11,167.29989624023438,22.665061950683594,104.00080871582031,3.1441073417663574,0.8846220970153809,0.07030712068080902,4.36177921295166,45.48024368286133,1,104.00080871582031,3.1441073417663574,1.3539260792721814,4.36177921295166,45.48024368286133,0.34907640171142706,104.00080871582031,3.1441073417663574,104.00080871582031,-0.04108821900955251,0.0,3.1851955607759095,0.0,0,8.612789128123396,8.612789128123396,0.0,0.0,0.0,0.0,0.0,0.0,0.0,74.05460409907715,74.05460409907715,51.95448681568242,0.0,0.0,0.007125607410206879,1.0,106.09524856165777,-1.8824775308006176,0,0,1,57.70722394715389,0.6477023633202511,0.9689053802288043,8.778908240296072,172.70846557617188,23.298009872436523,7.9911431474370564,8.778908240296072,0.0,0,4.382510562538743,43.93968963995576
GT+smooth-jitter_controlled_forward3x6_SoftMS_local_prior_3frame_causal_heading_continuous_waypoint_RNN_polynomial_Kalman,1,controlled_gt_jitter,8.0,173.93264885421627,25.20254287882058,-1.5891864729321772,-4.950687788293679,0,1,6,175.11401388136457,30.269751080195366,172.9215611820414,30.896166137144846,2288,172.75181579589844,31.302043914794922,172.77659606933594,31.299468994140625,0.9967426061630249,1,2.554181084083213,6.308184936642647,14,/yh/study/cvpr_data/Bearing_UAV_90K/citya/uav_254k_34bc_b15_s100/blk_3_1_s_009_v3d.jpg,175.52183532714844,30.153230667114258,113.45959963328642,-2.7043259312334698,0,9.767880222566992,9.767880222566992,1,9.767880222566992,42.60818838055779,-12.000000000000002,113.45959963328642,-1.543336885151216,174.4055165563917,30.47217888733048,1.1609890460822416,9.758365656228431,1,0.0,0,0,0.481144226900841,1.0,108.26280975341797,-2.536343574523926,1,1,6,18,1,74.05460409907715,180.75181579589844,31.302043914794922,179.94992065429688,29.973705291748047,5,179.94992065429688,29.973705291748047,114.50347137451172,-7.011355400085449,0.6946221590042114,0.07306385040283203,4.0,18.24909019470215,1,114.50347137451172,-7.011355400085449,4.431723260503528,4.0,18.24909019470215,0.481144226900841,114.50347137451172,-7.011355400085449,114.50347137451172,-3.687224859537604,0.0,-3.324130540547845,0.0,0,9.67304688479992,9.67304688479992,0.0,0.0,0.0,0.0,0.0,0.0,0.0,74.05460409907715,74.05460409907715,31.44641571851937,0.0,0.0,0.013540356603772959,1.0,113.80756000917161,0.25018324319685215,0,0,1,49.99491249964005,0.6947853610881813,0.3479603758851937,9.767880222566992,172.77659606933594,31.299468994140625,8.001749173799473,9.767880222566992,0.0,0,2.974928719310621,35.4196815751493
GT+smooth-jitter_controlled_forward3x6_SoftMS_local_prior_3frame_causal_heading_continuous_waypoint_RNN_polynomial_Kalman,1,controlled_gt_jitter,8.0,171.79931967291986,32.569243177606715,-1.4208036180957688,-5.023877397344458,0,1,6,177.68873654632716,34.85990828951861,174.71310100402602,37.16655551409106,2289,180.75181579589844,31.302043914794922,173.61244201660156,38.647769927978516,0.8736928105354309,1,5.564537077348577,8.658184204250574,15,/yh/study/cvpr_data/Bearing_UAV_90K/citya/uav_254k_34bc_b15_s100/blk_4_2_s_019_v3d.jpg,173.22012329101562,37.59312057495117,119.98090302082151,1.5527202589946223,0,7.787800725366066,7.787800725366066,1,7.787800725366066,107.19073272789885,12.000000000000002,119.98090302082151,-2.280185225446063,176.9055537033492,36.540140457141575,3.832905484440691,6.805958605649083,1,0.0,0,0,0.5674582387233776,1.0,114.76000213623047,1.5386916399002075,1,1,6,18,1,74.05460409907715,180.75181579589844,31.302043914794922,178.2250518798828,33.72199249267578,6,178.2250518798828,33.72199249267578,117.63368225097656,-4.323119163513184,0.7449963092803955,0.16293200850486755,4.0,22.372133255004883,1,117.63368225097656,-4.323119163513184,6.327316513458797,4.0,22.372133255004883,0.5674582387233776,117.63368225097656,-4.323119163513184,117.63368225097656,-4.323119163513184,0.0,0.0,0.0,0,7.686480938339589,7.686480938339589,0.0,0.0,0.0,0.0,0.0,0.0,0.0,74.05460409907715,74.05460409907715,33.136128628821695,0.0,0.0,0.050419835706843476,1.0,121.10275187290944,1.4652308690357307,0,0,1,42.699720635902224,0.7393218796889331,1.121848852087922,7.787800725366066,173.61244201660156,38.647769927978516,7.395685570777275,7.787800725366066,0.0,0,1.1252551889622056,50.09448993951082
GT+smooth-jitter_controlled_forward3x6_SoftMS_local_prior_3frame_causal_heading_continuous_waypoint_RNN_polynomial_Kalman,1,controlled_gt_jitter,8.0,171.69157019018286,39.39602029127249,-1.249195190676505,-5.091147067125948,0,1,6,178.52303636356743,40.4165805300246,176.51308634983047,43.46650422440669,2408,180.75181579589844,39.30204391479492,179.25540161132812,39.65681076049805,0.8623948693275452,1,1.0552767214404115,9.723000694066286,16,/yh/study/cvpr_data/Bearing_UAV_90K/citya/uav_254k_34bc_b15_s100/blk_3_3_s_029_v3d.jpg,172.94076538085938,44.48716735839844,126.53294857909707,3.7152698876986663,0,6.8997044787676565,6.8997044787676565,1,6.8997044787676565,92.3204480196782,-12.000000000000002,125.5644023205801,-3.4948295605696345,179.60736854468067,41.575120283755915,7.274861916820562,6.037514306552337,1,0.0,0,0,0.49365004898562914,1.0,121.29450988769531,3.5177552700042725,1,1,6,18,1,74.05460409907715,180.75181579589844,31.302043914794922,176.54644775390625,38.31715393066406,12,176.54644775390625,38.31715393066406,121.59088897705078,-1.4467130899429321,0.8317860960960388,0.11455659568309784,4.0,38.873382568359375,1,121.59088897705078,-1.4467130899429321,7.146329223569229,4.0,38.873382568359375,0.49365004898562914,121.59088897705078,-1.4467130899429321,121.59088897705078,-1.4467130899429321,0.0,0.0,0.0,0,6.98392589255174,6.98392589255174,0.0,0.0,0.0,0.0,0.0,0.0,0.0,74.05460409907715,74.05460409907715,18.26584392060104,0.0,0.0,0.1256472367558482,1.0,123.623209022067,-3.6834050812591346,0,0,1,40.17926348674466,0.7547090537074571,2.909739557030065,6.8997044787676565,179.25540161132812,39.65681076049805,5.732465123261395,6.8997044787676565,0.0,0,7.950281478414989,51.17602925747633
GT+smooth-jitter_controlled_forward3x6_SoftMS_local_prior_3frame_causal_heading_continuous_waypoint_RNN_polynomial_Kalman,1,controlled_gt_jitter,8.0,172.41514051084948,47.39636040184789,-1.074575065322404,-5.152353282234139,0,1,6,180.6036374626486,48.21052484240806,178.683981620412,51.064637671442,2527,180.75181579589844,47.30204391479492,180.72528076171875,47.66444778442383,0.9605587720870972,1,0.5594615674605232,9.675834327936172,17,/yh/study/cvpr_data/Bearing_UAV_90K/citya/uav_254k_34bc_b15_s100/blk_4_3_s_034_v3d.jpg,173.48971557617188,52.54871368408203,134.43512664307346,5.402118228032359,0,8.080215063850485,8.080215063850485,1,8.080215063850485,86.10446325665038,-6.215984763027821,132.33634750200514,-2.770493549090657,180.7712985418053,48.28549815385716,8.437799306842589,6.486345491802128,1,0.0,0,0,0.3252819604008856,1.0,129.18580627441406,5.019887447357178,1,1,6,18,1,74.05460409907715,196.75181579589844,39.30204391479492,176.03982543945312,48.00189971923828,15,176.03982543945312,48.00189971923828,130.76382446289062,1.7010207176208496,0.8892996907234192,0.0662413090467453,4.0,62.816532135009766,1,130.76382446289062,1.7010207176208496,5.21311638847529,4.0,62.816532135009766,0.3252819604008856,130.76382446289062,1.7010207176208496,130.76382446289062,-0.8837783144291955,0.0,2.5847990320500456,0.0,0,8.183797858742446,8.183797858742446,0.0,0.0,0.0,0.0,0.0,0.0,0.0,74.05460409907715,74.05460409907715,12.049859157573218,0.0,0.0,0.00996729906374701,1.0,131.7265506426551,-2.896862009491989,0,0,1,32.07592186615656,0.8041792570351399,2.708576000418361,8.080215063850485,180.72528076171875,47.66444778442383,8.141424655654562,8.080215063850485,0.06120959180407759,0,8.729802800342167,57.54010193049908
GT+smooth-jitter_controlled_forward3x6_SoftMS_local_prior_3frame_causal_heading_continuous_waypoint_RNN_polynomial_Kalman,1,controlled_gt_jitter,8.0,176.94005555824393,57.524466308334326,-0.8971636800373276,-5.207360473892238,0,1,6,183.5308441471254,58.65711912557297,181.70197403593014,61.627611125755465,2646,180.75181579589844,55.30204391479492,180.797607421875,62.93049621582031,0.9582111835479736,1,5.072704875281867,11.310148984193802,18,/yh/study/cvpr_data/Bearing_UAV_90K/citya/uav_254k_34bc_b15_s100/blk_4_3_s_082_v3d.jpg,177.83721923828125,62.73182678222656,145.42078485806704,4.01940566028685,0,11.072334011474597,11.072334011474597,1,11.072334011474597,66.88078073752094,-12.000000000000002,143.1547461173991,-2.629880159077693,183.60813806961332,58.726276966784624,7.024808430257015,7.180617027782438,1,0.0,0,0,0.17511488474724646,1.0,140.1673126220703,3.4514780044555664,1,1,6,18,1,74.05460409907715,164.75181579589844,55.30204391479492,178.1392364501953,57.614837646484375,9,178.1392364501953,57.614837646484375,140.58364868164062,2.3232638835906982,0.9208816289901733,0.014730840921401978,4.0,69.46466064453125,1,140.58364868164062,2.3232638835906982,5.1258934163662655,4.0,69.46466064453125,0.17511488474724646,140.58364868164062,2.3232638835906982,140.58364868164062,-0.990940599244736,0.0,3.314204482835435,0.0,0,10.93654729055663,10.93654729055663,0.0,0.0,0.0,0.0,0.0,0.0,0.0,74.05460409907715,74.05460409907715,7.173823361556221,0.0,0.0,0.005943047509741875,1.0,146.4250914569426,1.2275002183241621,0,0,1,17.377381051869065,0.8939125839450668,1.0043065988755586,11.072334011474597,180.797607421875,62.93049621582031,15.266219763108102,11.072334011474597,4.1938857516335055,0,2.9670469732388742,54.553080815821886
GT+smooth-jitter_controlled_forward3x6_SoftMS_local_prior_3frame_causal_heading_continuous_waypoint_RNN_polynomial_Kalman,1,controlled_gt_jitter,8.0,178.7904111460557,63.46733971316774,-0.7171877308974134,-5.2560413293127315,0,1,6,184.77804370192146,64.70203067368807,183.41071513401016,67.6082049690356,2766,188.75181579589844,63.30204391479492,181.71484375,64.17010498046875,0.8547382354736328,1,3.1090414742422623,19.574542064219713,19,/yh/study/cvpr_data/Bearing_UAV_90K/citya/uav_254k_34bc_b15_s100/blk_4_2_s_073_v3d.jpg,179.50759887695312,68.72338104248047,151.6406963412433,4.059302180287499,0,6.220039436438994,6.220039436438994,1,6.220039436438994,74.42211268343881,7.541331945917888,149.47534571829746,-2.5745593217390654,185.29134801105522,64.81888264932734,6.978313675119665,7.157662346588376,1,0.0,0,0,0.4570512649461643,1.0,146.38986206054688,3.3049497604370117,1,1,6,18,1,74.05460409907715,180.75181579589844,79.30204772949219,181.0676727294922,64.836181640625,13,181.0676727294922,64.836181640625,148.33164978027344,1.4913580417633057,0.9062597751617432,0.13599075376987457,9.641409873962402,46.67536926269531,1,148.33164978027344,1.4913580417633057,4.188570906794766,9.641409873962402,46.67536926269531,0.4570512649461643,148.33164978027344,1.4913580417633057,148.33164978027344,-0.470424734577894,0.0,1.9617827763411997,0.0,0,6.408330794956024,6.408330794956024,0.0,0.0,0.0,0.0,0.0,0.0,0.0,74.05460409907715,74.05460409907715,0.3675085843616665,0.0,0.0,0.019349385826010063,1.0,147.8689891684685,0.686102241161529,0,0,1,15.933483340343173,0.9027274552312631,3.771707172774825,6.220039436438994,181.71484375,64.17010498046875,1.5420610788893734,6.220039436438994,0.0,0,5.0600645081343245,61.574847903102636
GT+smooth-jitter_controlled_forward3x6_SoftMS_local_prior_3frame_causal_heading_continuous_waypoint_RNN_polynomial_Kalman,1,controlled_gt_jitter,8.0,190.41900808765374,72.91881733254513,-0.534879851799391,-5.298277088841594,0,1,6,188.80150042792263,78.40714914321384,186.751812,79.302044,3004,188.75181579589844,79.30204772949219,188.72711181640625,79.29981231689453,0.9967637062072754,1,0.8957573372119337,10.385579895228148,20,/yh/study/cvpr_data/Bearing_UAV_90K/citya/uav_254k_34bc_b15_s100/blk_3_3_s_062_v3d.jpg,190.95388793945312,78.21709442138672,163.80247250881166,-4.084561975013846,1,14.87104996370904,14.87104996370904,1,14.87104996370904,39.67279034114754,-12.000000000000002,163.6533401732437,-2.11310664262436,188.74264483736903,78.5781346477546,2.2405236221852847,7.870848063187783,1,0.0,0,0,0.348441977645857,1.0,158.67230224609375,-5.2797040939331055,1,1,6,18,1,74.05460409907715,204.75181579589844,79.30204772949219,198.22906494140625,73.0340805053711,10,198.22906494140625,73.0340805053711,160.92872619628906,-12.757596015930176,0.7813084125518799,0.04496742784976959,4.0,37.4820442199707,1,160.92872619628906,-12.757596015930176,8.93262563247462,4.0,37.4820442199707,0.348441977645857,160.92872619628906,-12.757596015930176,160.92872619628906,-4.038035905740024,0.0,-8.719560110190152,0.0,0,14.431365966612319,14.431365966612319,0.0,0.0,0.0,0.0,0.0,0.0,0.0,74.05460409907715,74.05460409907715,34.38181375792961,0.0,0.0,0.009243978718089015,1.0,163.80247250881166,-1.8999111677449723,0,1,2,163.1908392036759,0.0,0.0,14.87104996370904,188.72711181640625,79.29981231689453,16.67572929502746,14.87104996370904,1.8046793313184182,0,2.4760472417594412,50.64478609710932
GT+smooth-jitter_controlled_forward3x6_SoftMS_local_prior_3frame_causal_heading_continuous_waypoint_RNN_polynomial_Kalman,1,controlled_gt_jitter,8.0,181.9720772622396,80.506275018975,-0.3504782797525856,-5.333957830146092,0,1,6,189.0486563769053,83.67600283547867,186.11596433897077,86.19039366114987,3123,188.75181579589844,87.30204772949219,188.72018432617188,87.20004272460938,0.9851080179214478,1,3.5393150507262536,6.878718268126249,21,/yh/study/cvpr_data/Bearing_UAV_90K/citya/uav_254k_34bc_b15_s100/blk_4_2_s_013_v3d.jpg,182.3225555419922,85.8402328491211,170.72010673608185,3.8095357847479465,1,11.515734385781016,11.515734385781016,1,11.515734385781016,138.54926055460265,12.000000000000002,170.72010673608185,-2.216671033055735,188.2864230615944,85.74012773730558,5.964707605975159,7.604679045141668,1,0.0,0,0,0.6046634220905174,1.0,165.44094848632812,4.648811340332031,1,1,6,18,1,78.28011772872942,204.75181579589844,79.30204772949219,196.4907989501953,78.4024887084961,9,196.4907989501953,78.4024887084961,163.80247497558594,-9.615074157714844,0.6532594561576843,0.3652295768260956,6.959806442260742,37.011680603027344,1,163.80247497558594,-9.615074157714844,16.469810503795802,6.959806442260742,37.011680603027344,0.6046634220905174,163.80247497558594,-9.615074157714844,163.80247497558594,-4.564365679505089,0.0,-5.050708478209755,0.0,0,11.171675982593218,11.171675982593218,0.0,0.0,0.0,0.0,0.0,0.0,0.0,79.14044279794047,79.14044279794047,59.408817756662174,0.0,0.0,0.1812513707352604,1.0,171.48610973976844,-2.6859993245392806,1,1,2,155.50720197271912,0.04708375340460717,0.7660030036865919,11.515734385781016,188.72018432617188,87.20004272460938,7.900233444975104,11.515734385781016,0.0,0,6.540545616203584,41.85113310813904
GT+smooth-jitter_controlled_forward3x6_SoftMS_local_prior_3frame_causal_heading_continuous_waypoint_RNN_polynomial_Kalman,1,controlled_gt_jitter,8.0,187.9691963452965,85.20713139701257,-0.1642265062660167,-5.362982738729614,0,1,6,189.12082421303614,88.03285804952264,185.73214305790114,90.34845753940422,3123,188.75181579589844,87.30204772949219,188.70220947265625,87.3856201171875,0.9850601553916931,1,0.7708146611973591,10.844036005437374,22,/yh/study/cvpr_data/Bearing_UAV_90K/citya/uav_254k_34bc_b15_s100/blk_4_2_s_034_v3d.jpg,188.1334228515625,90.57011413574219,174.89584786688073,-2.411488398094934,1,7.4925266682849605,7.4925266682849605,1,7.4925266682849605,39.14461252284483,-12.000000000000002,174.89584786688073,-2.8411289995517786,188.5547296202796,90.02439104935232,0.6894295325743822,7.783236737853708,1,0.0,0,0,0.632121230306425,1.0,169.57066345214844,-1.7550082206726074,1,1,6,18,1,83.45044121565641,204.75181579589844,79.30204772949219,202.5578155517578,81.44652557373047,7,202.5578155517578,81.44652557373047,164.4850311279297,-15.936205863952637,0.6143951416015625,0.37790361046791077,4.46110725402832,31.190460205078125,1,164.4850311279297,-15.936205863952637,20.40394910380584,4.46110725402832,31.190460205078125,0.632121230306425,164.4850311279297,-15.936205863952637,164.62386049714675,-5.23412902955738,-0.138829369217067,-10.702076834395257,0.0,0,7.375709047371251,7.375709047371251,0.0,0.0,0.0,0.0,0.0,0.0,0.0,79.35763496788746,79.35763496788746,40.213022445042625,0.0,0.0,0.2674421526472659,1.0,171.6725537169252,-2.6851582674781738,1,1,2,155.32075799556236,0.04822624386587662,3.223294149955535,7.4925266682849605,188.70220947265625,87.3856201171875,0.18644587416996844,7.4925266682849605,0.0,0,3.2348910916050677,69.64889075607061
GT+smooth-jitter_controlled_forward3x6_SoftMS_local_prior_3frame_causal_heading_continuous_waypoint_RNN_polynomial_Kalman,1,controlled_gt_jitter,8.0,187.07057837853003,99.39957545134781,0.02362708458470621,-5.3852603640818755,0,1,6,187.9898439979317,102.4349000397503,184.421921412477,104.54252536483261,3361,188.75181579589844,103.30204772949219,188.37376403808594,103.3045654296875,0.9618790149688721,1,0.9506379372224987,10.676587000489235,23,/yh/study/cvpr_data/Bearing_UAV_90K/citya/uav_254k_34bc_b15_s100/blk_4_4_s_029_v3d.jpg,187.0469512939453,104.78483581542969,189.15025919085338,-2.636189718717177,1,14.256182268633104,14.256182268633104,1,14.256182268633104,94.37078106960396,12.000000000000002,186.94405256715638,-3.26108932369997,187.87239679414995,102.64100299358726,2.297254762062086,8.525667144995108,1,0.0,0,0,0.27171663807941604,1.0,183.78562927246094,-2.164720296859741,1,1,6,18,1,95.19618458344013,212.75181579589844,95.30204772949219,195.2225799560547,99.42500305175781,10,195.2225799560547,99.42500305175781,183.06163024902344,-10.28454875946045,0.8301079869270325,0.03565801680088043,5.532855033874512,77.75166320800781,1,183.06163024902344,-10.28454875946045,10.012099527702071,5.532855033874512,77.75166320800781,0.27171663807941604,183.06163024902344,-10.28454875946045,183.06163024902344,-5.059421776531007,0.0,-5.225126982929442,0.0,0,13.865687687142456,13.865687687142456,0.0,0.0,0.0,0.0,0.0,0.0,0.0,95.26728943232342,95.26728943232342,0.8965083627194671,0.0,0.0,0.013083375737287942,1.0,187.55429871834085,-3.821323737761821,1,1,2,139.4390129941467,0.14554632064784537,1.5959604725125303,14.256182268633104,188.37376403808594,103.3045654296875,15.922333254452873,14.256182268633104,1.666150985819769,0,1.987871342144481,45.60742201283574
GT+smooth-jitter_controlled_forward3x6_SoftMS_local_prior_3frame_causal_heading_continuous_waypoint_RNN_polynomial_Kalman,1,controlled_gt_jitter,8.0,178.6444244394219,101.61393194730616,0.21282959078908495,-5.40070886079931,0,1,6,187.3839978953096,107.37601408619253,184.14504350138222,107.54203606835927,3480,188.75181579589844,111.30204772949219,187.69509887695312,108.75955200195312,0.7907675504684448,1,1.4180835606997042,7.093721069395542,24,/yh/study/cvpr_data/Bearing_UAV_90K/citya/uav_254k_34bc_b15_s100/blk_3_4_s_016_v3d.jpg,178.4315948486328,107.01464080810547,192.16252176875443,5.737738340857151,1,8.899235752869426,8.899235752869426,1,8.899235752869426,165.48926442115206,12.000000000000002,192.16252176875443,-3.3590994068373528,187.4899227622199,107.85079415397504,9.09683774769451,9.13162681511105,1,0.0,0,0,0.1719498627867987,1.0,186.76510620117188,6.022226333618164,1,1,6,18,1,95.27389595735177,204.75181579589844,95.30204772949219,185.00387573242188,102.5676040649414,10,185.00387573242188,102.5676040649414,187.1302032470703,-0.3979620337486267,0.9007482528686523,0.008116096258163452,4.0,65.63055419921875,1,187.1302032470703,-0.3979620337486267,7.935640893626855,4.0,65.63055419921875,0.1719498627867987,187.1302032470703,-0.3979620337486267,187.1302032470703,-1.725382133239135,0.0,1.3274200994905083,0.0,0,8.621845503656852,8.621845503656852,0.0,0.0,0.0,0.0,0.0,0.0,0.0,95.27389595735177,95.27389595735177,70.21536846380029,0.0,0.0,0.028048882950686273,1.0,193.048573395678,-3.6469371714633225,1,1,2,133.94473831680955,0.1792141092574734,0.8860516269235745,8.899235752869426,187.69509887695312,108.75955200195312,5.497041468329459,8.899235752869426,0.0,0,9.426410873557417,40.22889118641615
GT+smooth-jitter_controlled_forward3x6_SoftMS_local_prior_3frame_causal_heading_continuous_waypoint_RNN_polynomial_Kalman,1,controlled_gt_jitter,8.0,194.3106404585712,109.48047614680172,0.4031239790790157,-5.409256214038129,0,1,6,186.83455205991223,114.08729184783687,183.55500535849194,113.9341159496706,3480,188.75181579589844,111.30204772949219,185.12229919433594,111.67169952392578,0.8178380727767944,1,2.9608944849508516,6.998137105256319,25,/yh/study/cvpr_data/Bearing_UAV_90K/citya/uav_254k_34bc_b15_s100/blk_4_4_s_092_v3d.jpg,193.9075164794922,114.88973236083984,198.5817764154506,-10.39652293970103,1,17.36436630828921,17.36436630828921,1,17.36436630828921,26.96976413489472,-12.000000000000002,198.5817764154506,-3.209982630378526,186.75139910204933,114.22916767984513,7.186540309322507,10.022032530276286,1,0.0,0,0,0.24254763203921087,1.0,193.1583709716797,-10.300738334655762,1,1,6,18,1,95.27389595735177,220.75181579589844,103.30204772949219,205.67831420898438,112.25390625,7,205.67831420898438,112.25390625,194.8751678466797,-21.875213623046875,0.797038197517395,0.0018157809972763062,4.0,23.415756225585938,1,194.8751678466797,-21.875213623046875,12.062308522252986,4.0,23.415756225585938,0.24254763203921087,194.8751678466797,-21.875213623046875,194.8751678466797,-4.960186223243224,0.0,-16.91502739980365,0.0,0,16.52580008603339,16.52580008603339,0.0,0.0,0.0,0.0,0.0,0.0,0.0,95.27389595735177,95.27389595735177,68.30413182245704,0.0,0.0,0.006451233217672888,1.0,196.18487669589587,-1.3527046188111405,1,1,2,130.8084350165917,0.19843273277532594,2.396899719554739,17.36436630828921,185.12229919433594,111.67169952392578,3.88585915810218,17.36436630828921,0.0,0,9.356055690667159,41.924092918634415
GT+smooth-jitter_controlled_forward3x6_SoftMS_local_prior_3frame_causal_heading_continuous_waypoint_RNN_polynomial_Kalman,1,controlled_gt_jitter,8.0,180.18099569878396,122.6400018364633,0.59424948296365,-5.410840448692952,0,1,6,185.25723060777662,128.3272344825657,182.22940559318437,128.29478007383602,3718,188.75181579589844,127.30204772949219,180.89617919921875,127.3153305053711,0.9827544093132019,1,4.476909541988406,6.528710015118122,26,/yh/study/cvpr_data/Bearing_UAV_90K/citya/uav_254k_34bc_b15_s100/blk_4_4_s_017_v3d.jpg,179.5867462158203,128.05084228515625,213.00349229203323,2.6538941632092525,1,19.44991710483128,19.44991710483128,1,19.44991710483128,137.41629204435662,12.000000000000002,213.00349229203323,-3.2797427849812335,185.49526417421828,128.59624394285453,5.933636948190484,9.842207730880132,1,0.0,0,0,0.2411454087749047,1.0,207.56094360351562,2.5595080852508545,1,1,6,18,1,95.27389595735177,188.75181579589844,135.3020477294922,184.431640625,127.40169525146484,12,184.431640625,127.40169525146484,211.91175842285156,-2.1108226776123047,0.811847448348999,0.011450454592704773,6.766346454620361,44.267730712890625,1,211.91175842285156,-2.1108226776123047,4.888190811980122,6.766346454620361,44.267730712890625,0.2411454087749047,211.91175842285156,-2.1108226776123047,211.91175842285156,-2.1108226776123047,0.0,0.0,0.0,0,18.643923736444776,18.643923736444776,0.0,0.0,0.0,0.0,0.0,0.0,0.0,95.27389595735177,95.27389595735177,42.142396087004855,0.0,0.0,0.004614249297044717,1.0,212.15073511739564,1.4176104104572498,1,1,2,114.84257659509191,0.2962682393479286,0.8527571746375884,19.44991710483128,180.89617919921875,127.3153305053711,16.204421634133226,19.44991710483128,0.0,0,1.5018629485457256,40.54226912558079
GT+smooth-jitter_controlled_forward3x6_SoftMS_local_prior_3frame_causal_heading_continuous_waypoint_RNN_polynomial_Kalman,1,controlled_gt_jitter,8.0,177.37865441374944,119.42775057866584,0.785942011405693,-5.405409821724784,0,1,6,185.1223896695,128.25968216009144,182.22940559318437,128.29478007383602,3718,188.75181579589844,127.30204772949219,180.87554931640625,127.31438446044922,0.9849980473518372,1,4.350774727058882,10.080935899168253,27,/yh/study/cvpr_data/Bearing_UAV_90K/citya/uav_254k_34bc_b15_s100/blk_4_4_s_065_v3d.jpg,176.59271240234375,124.83316040039062,213.00349229203323,5.931012692478867,1,4.3951922810941815,4.3951922810941815,1,4.3951922810941815,-132.9379999799874,12.000000000000002,213.00349229203323,-3.017990368855782,185.2346198400881,128.5721844658579,9.416096066028881,10.484102073895606,1,0.0,0,0,0.22194808118293186,1.0,204.619873046875,5.645246505737305,1,1,6,18,1,95.27389595735177,196.75181579589844,127.30204772949219,181.00759887695312,124.51228332519531,11,181.00759887695312,124.51228332519531,209.3493194580078,1.56430983543396,0.8328710198402405,0.004441544413566589,6.010488986968994,31.13458251953125,1,209.3493194580078,1.56430983543396,4.426530855347787,6.010488986968994,31.13458251953125,0.22194808118293186,209.3493194580078,1.56430983543396,209.3493194580078,-1.3017760349039444,0.0,2.866085870337905,0.0,0,4.063256206095327,4.063256206095327,0.0,0.0,0.0,0.0,0.0,0.0,0.0,95.27389595735177,95.27389595735177,131.78810406266086,0.0,0.0,0.011204378195147021,1.0,212.15168931276065,1.4382399178933722,1,1,2,114.8416223997269,0.2962740864614655,0.851802979272577,4.3951922810941815,180.87554931640625,127.31438446044922,0.020651563278640393,4.3951922810941815,0.0,0,4.9496631065831185,57.55563685670495
GT+smooth-jitter_controlled_forward3x6_SoftMS_local_prior_3frame_causal_heading_continuous_waypoint_RNN_polynomial_Kalman,1,controlled_gt_jitter,8.0,186.3047473115328,145.8462737802481,0.9779345673921784,-5.392922997095653,0,1,6,183.2716942299386,149.1820220277522,180.1555225007334,150.76184690872154,4074,180.75181579589844,151.3020477294922,180.75738525390625,151.291259765625,0.997947096824646,1,3.2818643271505863,9.160035755485296,28,/yh/study/cvpr_data/Bearing_UAV_90K/citya/uav_254k_34bc_b15_s100/blk_4_4_s_053_v3d.jpg,185.32681274414062,151.23919677734375,235.5660737765258,-5.193275043614824,1,21.00403244969687,27.813005337818996,1,21.00403244969687,71.69777274227039,-12.000000000000002,235.5660737765258,-2.877511053846875,183.02085212666,151.02633887419168,2.3157639897679356,11.319849124987174,1,0.0,0,0,0.2140544644612234,1.0,230.10609436035156,-5.671368598937988,1,1,6,18,1,95.27389595735177,212.75181579589844,143.3020477294922,192.95631408691406,149.0998077392578,10,192.95631408691406,149.0998077392578,232.73446655273438,-12.593832015991211,0.8867045640945435,0.016402706503868103,4.0,44.55895233154297,1,232.73446655273438,-12.593832015991211,7.923777064709516,4.0,44.55895233154297,0.2140544644612234,232.73446655273438,-12.593832015991211,232.73446655273438,-4.580700920207894,0.0,-8.013131095783317,0.0,1,21.00403244969687,26.337964910793477,0.0,0.0,0.0,0.0,0.0,0.0,0.0,95.27389595735177,95.27389595735177,23.57612321508138,0.0,0.0,0.004144015523017063,1.0,236.03792408580154,-0.647976876399068,1,1,2,90.95538762668602,0.4426440352257393,0.47185030927573735,21.00403244969687,180.75738525390625,151.291259765625,23.97716647449433,27.813005337818996,0.0,0,4.569724077365984,54.54277293756604
GT+smooth-jitter_controlled_forward3x6_SoftMS_local_prior_3frame_causal_heading_continuous_waypoint_RNN_polynomial_Kalman,1,controlled_gt_jitter,8.0,177.98981241195315,146.66287516243287,1.1699576756250227,-5.373349202801507,0,1,6,183.08641168982288,151.87821536328713,180.0106993964014,152.33076387231804,4074,180.75181579589844,151.3020477294922,180.75474548339844,151.31053161621094,0.9984599947929382,1,2.3997775177870593,11.09296828508377,29,/yh/study/cvpr_data/Bearing_UAV_90K/citya/uav_254k_34bc_b15_s100/blk_3_4_s_024_v3d.jpg,176.81985473632812,152.03622436523438,237.141660705327,3.204409955974935,1,8.544213686615285,8.544213686615285,1,8.544213686615285,174.64751138487884,12.000000000000002,237.141660705327,-2.9577673301800824,182.95594554808267,152.60263274785785,6.162177286155004,10.303289285526205,1,0.0,0,0,0.2750418208419871,1.0,231.6835174560547,2.533306837081909,1,1,6,18,1,95.27389595735177,188.75181579589844,159.3020477294922,183.36285400390625,150.3475341796875,8,183.36285400390625,150.3475341796875,234.85870361328125,-3.1556715965270996,0.9057390689849854,0.04555373638868332,4.0,46.62577819824219,1,234.85870361328125,-3.1556715965270996,6.757405599680905,4.0,46.62577819824219,0.2750418208419871,234.85870361328125,-3.1556715965270996,234.85870361328125,-3.1556715965270996,0.0,0.0,0.0,0,8.135488817656835,8.135488817656835,0.0,0.0,0.0,0.0,0.0,0.0,0.0,95.27389595735177,95.27389595735177,79.37361542752706,0.0,0.0,0.010785397161429068,1.0,236.05735699204374,-0.6471196901169664,1,1,2,90.93595472044382,0.4427631160904314,1.0843037132832762,8.544213686615285,180.75474548339844,151.31053161621094,0.019451802315996743,8.544213686615285,0.0,0,4.001249199608137,59.66395791620016
GT+smooth-jitter_controlled_forward3x6_SoftMS_local_prior_3frame_causal_heading_continuous_waypoint_RNN_polynomial_Kalman,1,controlled_gt_jitter,8.0,178.89849824138366,148.63663851523492,1.3617398185321128,-5.346668369530702,0,1,6,183.17470584384955,153.5545074671454,179.83854411597372,154.19577941028462,4074,180.75181579589844,151.3020477294922,180.7551727294922,151.6438751220703,0.964792013168335,1,3.082962284803209,10.520320851355791,30,/yh/study/cvpr_data/Bearing_UAV_90K/citya/uav_254k_34bc_b15_s100/blk_3_3_s_020_v3d.jpg,177.53675842285156,153.98330688476562,239.01460501774952,2.31157131647766,1,2.0748689678182224,2.0748689678182224,1,2.0748689678182224,69.78660656255896,-12.000000000000002,238.5257003801711,-3.021094949025933,182.8917884108849,153.98663421844876,5.355031021748232,10.561768984264978,1,0.0,0,0,0.2690636546564015,1.0,233.56539916992188,1.4470454454421997,1,1,6,18,1,95.27389595735177,188.75181579589844,159.3020477294922,187.46408081054688,151.0238037109375,5,187.46408081054688,151.0238037109375,235.15513610839844,-7.301697254180908,0.8764078617095947,0.03339627385139465,4.0,34.939083099365234,1,235.15513610839844,-7.301697254180908,10.359074904346407,4.0,34.939083099365234,0.2690636546564015,235.15513610839844,-7.301697254180908,235.15513610839844,-4.815049979208996,0.0,-2.4866472749719124,0.0,0,2.117382414564172,2.117382414564172,0.0,0.0,0.0,0.0,0.0,0.0,0.0,95.27389595735177,95.27389595735177,25.48728939479281,0.0,0.0,0.015299707966210366,1.0,236.38925007669872,-0.678185037307195,1,1,2,90.60406163578884,0.4447968888577909,2.6253549410508015,2.0748689678182224,180.7551727294922,151.6438751220703,0.33334377965974377,2.0748689678182224,0.0,0,3.9788354604704064,50.36907875910401
GT+smooth-jitter_controlled_forward3x6_SoftMS_local_prior_3frame_causal_heading_continuous_waypoint_RNN_polynomial_Kalman,1,controlled_gt_jitter,8.0,183.1206806092649,153.88660689890074,1.553007879772704,-5.31287125051333,0,1,6,182.7736710448244,159.16749691994767,179.3951754517696,158.99893993916274,4193,180.75181579589844,159.3020477294922,180.75230407714844,159.30099487304688,0.9993794560432434,1,2.0257705006967552,9.091460146009922,31,/yh/study/cvpr_data/Bearing_UAV_90K/citya/uav_254k_34bc_b15_s100/blk_4_3_s_013_v3d.jpg,181.5676727294922,159.19947814941406,243.83818531028857,-2.181733254887692,1,6.592170568911589,6.592170568911589,1,6.592170568911589,52.30413294031491,-12.000000000000002,243.83818531028857,-3.2630949398337417,182.64445666332819,159.29887358946044,1.0813616849460403,11.194959034761101,1,0.0,0,0,0.1536993851403824,1.0,238.40505981445312,-3.239824056625366,1,1,6,18,1,95.27389595735177,204.75181579589844,151.3020477294922,188.3096923828125,157.85780334472656,8,188.3096923828125,157.85780334472656,241.8824920654297,-8.771888732910156,0.9252800941467285,0.0006577670574188232,4.0,44.235897064208984,1,241.8824920654297,-8.771888732910156,6.874218885989597,4.0,44.235897064208984,0.1536993851403824,241.8824920654297,-8.771888732910156,241.8824920654297,-4.866698925315372,0.0,-3.905189807594783,0.0,0,6.526299903432512,6.526299903432512,0.0,0.0,0.0,0.0,0.0,0.0,0.0,95.27389595735177,95.27389595735177,42.969763017036854,0.0,0.0,0.003452574486363084,1.0,244.01421845967164,-1.3791474247609137,1,1,2,82.97909325281591,0.49152113159212923,0.17603314938307335,6.592170568911589,180.75230407714844,159.30099487304688,7.65712028833044,6.592170568911589,1.064949719418851,0,0.8216639729244577,55.75228901579976
GT+smooth-jitter_controlled_forward3x6_SoftMS_local_prior_3frame_causal_heading_continuous_waypoint_RNN_polynomial_Kalman,1,controlled_gt_jitter,8.0,184.34289860513323,167.9224069329138,1.7434875943910444,-5.271959522164337,0,1,6,181.7718985467628,172.448119065877,178.1229708375748,172.78115659293957,4431,180.75181579589844,175.3020477294922,180.7361297607422,175.06478881835938,0.9732251763343811,1,2.8142099373804386,8.576010819524527,32,/yh/study/cvpr_data/Bearing_UAV_90K/citya/uav_254k_34bc_b15_s100/blk_3_4_s_073_v3d.jpg,182.5994110107422,173.19436645507812,257.6789945522376,-4.495470944641447,1,14.032867938130446,14.032867938130446,1,14.032867938130446,85.78363898314278,12.000000000000002,257.35572631495563,-3.3796865760020816,181.51806393755004,172.76990724875304,1.1616699662706893,11.459285606039485,1,0.0,0,0,0.20555756845209558,1.0,252.26910400390625,-5.746995449066162,1,1,6,18,1,95.27389595735177,188.75181579589844,159.3020477294922,185.08888244628906,170.49526977539062,12,185.08888244628906,170.49526977539062,254.7624969482422,-6.726311206817627,0.9519742727279663,0.024838879704475403,4.0,35.69062423706055,1,254.7624969482422,-6.726311206817627,3.671866902470409,4.0,35.69062423706055,0.20555756845209558,254.7624969482422,-6.726311206817627,254.7624969482422,-5.06885656394804,0.0,-1.6574546428695875,0.0,0,13.660238503080011,13.660238503080011,0.0,0.0,0.0,0.0,0.0,0.0,0.0,95.27389595735177,95.27389595735177,9.49025697420899,0.0,0.0,0.008388448069331103,1.0,259.71276589873446,-2.812001032872079,1,1,2,67.2805458137531,0.5877186112770625,2.0337713464968488,14.032867938130446,180.7361297607422,175.06478881835938,15.763802243075185,14.032867938130446,1.7309343049447392,0,2.6401319727741224,47.39191988483071
GT+smooth-jitter_controlled_forward3x6_SoftMS_local_prior_3frame_causal_heading_continuous_waypoint_RNN_polynomial_Kalman,1,controlled_gt_jitter,8.0,172.62072443931973,177.90822576569545,1.9329040047494315,-5.223945865163937,0,1,6,180.474013153734,183.02047996606393,177.11274758498226,183.72524182935894,4550,180.75181579589844,183.3020477294922,180.65277099609375,183.30230712890625,0.9886215925216675,1,0.3337377951639011,18.072918988764286,33,/yh/study/cvpr_data/Bearing_UAV_90K/citya/uav_254k_34bc_b15_s100/blk_2_5_s_010_v3d.jpg,170.6878204345703,183.13217163085938,268.66960657714736,6.452241559988968,1,15.512767701675005,15.512767701675005,1,15.512767701675005,140.16185648419594,12.000000000000002,268.66960657714736,-3.602868841818337,180.70036432653703,184.0564064516563,10.055110401807307,10.740977949687847,1,0.0,0,0,0.24194684380840997,1.0,263.29010009765625,5.007688999176025,1,1,6,18,1,95.27389595735177,188.75181579589844,175.3020477294922,179.8594207763672,180.22134399414062,10,179.8594207763672,180.22134399414062,264.9280700683594,-2.412978172302246,0.7898202538490295,0.0034096986055374146,4.0,34.63128662109375,1,264.9280700683594,-2.412978172302246,9.622432974482008,4.0,34.63128662109375,0.24194684380840997,264.9280700683594,-2.412978172302246,264.9280700683594,-2.412978172302246,0.0,0.0,0.0,0,15.021746285541004,15.021746285541004,0.0,0.0,0.0,0.0,0.0,0.0,0.0,95.27389595735177,95.27389595735177,44.88796052684417,0.0,0.0,0.02634629301670911,1.0,267.9230742314304,-3.486162498918103,1,1,2,59.07023748105715,0.6380296971980607,0.7465323457169575,15.512767701675005,180.65277099609375,183.30230712890625,8.23794007020194,15.512767701675005,0.0,0,9.96640285064285,52.002107724547386
GT+smooth-jitter_controlled_forward3x6_SoftMS_local_prior_3frame_causal_heading_continuous_waypoint_RNN_polynomial_Kalman,1,controlled_gt_jitter,8.0,167.92186998287858,176.78887912863837,2.1209819213551357,-5.1688540256585105,0,1,6,180.0577591608502,183.01810016541486,177.11274758498226,183.72524182935894,4550,180.75181579589844,183.3020477294922,180.60623168945312,183.30230712890625,0.9837199449539185,1,0.6177343383114495,6.519232876598835,34,/yh/study/cvpr_data/Bearing_UAV_90K/citya/uav_254k_34bc_b15_s100/blk_2_5_s_060_v3d.jpg,165.80088806152344,181.95773315429688,268.66960657714736,11.42643675213103,1,5.026073393213037,5.026073393213037,1,5.026073393213037,-166.4868111964847,12.000000000000002,268.66960657714736,-3.2822567099138356,180.3811094486976,184.02693677062496,14.726318593078043,10.409645613018663,1,0.0,0,0,0.33529175852103843,1.0,262.6073913574219,9.789538383483887,1,1,6,18,1,95.27389595735177,188.75181579589844,175.3020477294922,176.56304931640625,179.1920166015625,10,176.56304931640625,179.1920166015625,264.2060852050781,0.964051365852356,0.7723617553710938,0.03662338852882385,4.0,33.67203140258789,1,264.2060852050781,0.964051365852356,11.111858622877605,4.0,33.67203140258789,0.33529175852103843,264.2060852050781,0.964051365852356,264.2060852050781,-1.3790253083541222,0.0,2.343076674206478,0.0,0,4.704846367569439,4.704846367569439,0.0,0.0,0.0,0.0,0.0,0.0,0.0,95.27389595735177,95.27389595735177,98.23929284616352,0.0,0.0,0.03709510038896464,1.0,267.92735198135205,-3.43982020810076,1,1,2,59.06595973113551,0.6380559103724185,0.7422545957953162,5.026073393213037,180.60623168945312,183.30230712890625,0.046539306640625,5.026073393213037,0.0,0,14.866273208651691,49.616622272878885
GT+smooth-jitter_controlled_forward3x6_SoftMS_local_prior_3frame_causal_heading_continuous_waypoint_RNN_polynomial_Kalman,1,controlled_gt_jitter,8.0,178.87180795994186,189.8009349522856,2.30744638767625,-5.106718856308174,0,1,6,179.69014609601763,193.7284704954346,176.08461274143394,194.8633693011323,4669,180.75181579589844,191.3020477294922,179.55264282226562,192.04232788085938,0.8500251173973083,1,1.6917399525279047,10.785289108753204,35,/yh/study/cvpr_data/Bearing_UAV_90K/citya/uav_254k_34bc_b15_s100/blk_4_5_s_023_v3d.jpg,176.56436157226562,194.90765380859375,279.8550857726933,-0.48178839575633486,1,16.839026307035496,16.839026307035496,1,16.839026307035496,50.267950694847116,-12.000000000000002,279.8550857726933,-2.8675461098360553,178.9400196081563,195.12694531959897,2.3857577140797117,9.70307009730116,1,0.0,0,0,0.5373493411153876,1.0,274.5578918457031,-2.310072660446167,1,1,6,18,1,95.27389595735177,204.75181579589844,183.3020477294922,188.16635131835938,190.68096923828125,6,188.16635131835938,190.68096923828125,274.5798645019531,-11.646159172058105,0.7844099998474121,0.1434565931558609,4.0,33.34490966796875,1,274.5798645019531,-11.646159172058105,12.347920241320443,4.0,33.34490966796875,0.5373493411153876,274.5798645019531,-11.646159172058105,274.5798645019531,-5.1041725226764445,0.0,-6.54198664938166,0.0,0,16.241904202472657,16.241904202472657,0.0,0.0,0.0,0.0,0.0,0.0,0.0,95.27389595735177,95.27389595735177,45.005945262504646,0.0,0.0,0.06985169362770142,1.0,276.72721606813377,-3.194047345883821,1,1,2,50.26609564435378,0.6919796730647517,3.1278697045595436,16.839026307035496,179.55264282226562,192.04232788085938,8.80329553324394,16.839026307035496,0.0,0,4.1400383453838225,52.788176108151674
GT+smooth-jitter_controlled_forward3x6_SoftMS_local_prior_3frame_causal_heading_continuous_waypoint_RNN_polynomial_Kalman,1,controlled_gt_jitter,8.0,172.02684370467003,198.95887362398884,2.492023148029402,-5.037586336948669,0,1,6,178.0356665290462,201.50522318670141,175.1933435849034,204.5187851635464,4788,180.75181579589844,199.3020477294922,174.26885986328125,202.49977111816406,0.7648188471794128,1,3.895889891312121,10.654466692358255,36,/yh/study/cvpr_data/Bearing_UAV_90K/citya/uav_254k_34bc_b15_s100/blk_2_5_s_083_v3d.jpg,169.53482055664062,203.9964599609375,289.5515498800646,5.682579210064787,1,11.490032383123895,11.490032383123895,1,11.490032383123895,127.71938552821464,12.000000000000002,289.5515498800646,-3.485953567064967,178.66453999159054,204.83920329339443,9.168532777129768,7.877028675195783,1,0.0,0,0,0.43191432812313707,1.0,284.3062438964844,3.664144992828369,1,1,6,18,1,95.27389595735177,172.75181579589844,191.3020477294922,177.22662353515625,197.47207641601562,9,177.22662353515625,197.47207641601562,282.3477783203125,-1.3769606351852417,0.7613738179206848,0.07218226790428162,4.0,31.417545318603516,1,282.3477783203125,-1.3769606351852417,10.086199854839586,4.0,31.417545318603516,0.43191432812313707,282.3477783203125,-1.3769606351852417,282.3477783203125,-1.4232949256617906,0.0,0.04633429047654891,0.0,0,11.320829792473983,11.320829792473983,0.0,0.0,0.0,0.0,0.0,0.0,0.0,95.27389595735177,95.27389595735177,32.44548957086288,0.0,0.0,0.22424001593200033,1.0,287.62605866938384,1.1061516462884382,1,1,2,39.367253043103716,0.7587655456935909,1.9254912106807751,11.490032383123895,174.26885986328125,202.49977111816406,11.716504658775296,11.490032383123895,0.2264722756514015,0,4.964998051248454,51.74408759921789
GT+smooth-jitter_controlled_forward3x6_SoftMS_local_prior_3frame_causal_heading_continuous_waypoint_RNN_polynomial_Kalman,1,controlled_gt_jitter,8.0,169.76672427385745,207.1450843257113,2.6744391176074576,-4.961513574679329,0,1,6,176.9106164012208,208.53429515134127,174.43040411745426,212.78396272757874,4907,180.75181579589844,207.3020477294922,172.91390991210938,210.50070190429688,0.8376679420471191,1,4.454258443127749,9.971942286938429,37,/yh/study/cvpr_data/Bearing_UAV_90K/citya/uav_254k_34bc_b15_s100/blk_3_5_s_079_v3d.jpg,167.09228515625,212.10659790039062,297.85186534370666,7.369315639725104,1,8.469965559500132,8.469965559500132,1,8.469965559500132,106.7607587906891,-12.000000000000002,294.8318560104499,-2.5532931309366305,177.25047830802617,210.01142891441856,10.372011434074473,6.708673262317456,1,0.0,0,0,0.47320914849790746,1.0,292.66552734375,5.162245273590088,1,1,6,18,1,95.27389595735177,188.75181579589844,199.3020477294922,176.405517578125,206.3470458984375,12,176.405517578125,206.3470458984375,291.2606506347656,-1.3750905990600586,0.8569379448890686,0.11644205451011658,4.2514824867248535,55.24260711669922,1,291.2606506347656,-1.3750905990600586,10.950285466975993,4.2514824867248535,55.24260711669922,0.47320914849790746,291.2606506347656,-1.3750905990600586,291.2606506347656,-1.3750905990600586,0.0,0.0,0.0,0,8.542368314740122,8.542368314740122,0.0,0.0,0.0,0.0,0.0,0.0,0.0,95.27389595735177,95.27389595735177,11.48686283333733,0.0,0.0,0.07561307046766126,1.0,295.7176617793237,1.7199447106676353,1,1,2,31.275649933163862,0.8083492303503065,2.1342035643829718,8.469965559500132,172.91390991210938,210.50070190429688,8.114849525078608,8.469965559500132,0.0,0,6.039057604320782,51.6920923255384
GT+smooth-jitter_controlled_forward3x6_SoftMS_local_prior_3frame_causal_heading_continuous_waypoint_RNN_polynomial_Kalman,1,controlled_gt_jitter,8.0,183.35945825409755,216.9604662509474,2.854422853706933,-4.878568783232278,0,1,6,175.92517170544977,221.05788363604944,173.65293604108987,221.2065335548596,5144,172.75181579589844,223.3020477294922,172.78126525878906,223.19593811035156,0.9849556088447571,1,3.802029021514445,9.052027948200703,38,/yh/study/cvpr_data/Bearing_UAV_90K/citya/uav_254k_34bc_b15_s100/blk_4_5_s_046_v3d.jpg,180.50503540039062,221.8390350341797,306.3102431994381,-6.881229813853905,1,16.57172898869791,16.57172898869791,1,16.57172898869791,35.96504613707101,-12.000000000000002,306.3102431994381,-2.0790963765131427,175.72323093528865,221.3976376989395,4.802133437340771,7.16066173348776,1,0.0,0,0,0.49521124414462786,1.0,301.1899719238281,-9.275145530700684,1,1,6,18,1,95.27389595735177,204.75181579589844,223.3020477294922,189.94459533691406,218.1522216796875,9,189.94459533691406,218.1522216796875,301.7713928222656,-15.941948890686035,0.8233762979507446,0.12115326523780823,4.0,63.99553298950195,1,301.7713928222656,-15.941948890686035,10.133991954586762,4.0,63.99553298950195,0.49521124414462786,301.7713928222656,-15.941948890686035,301.7713928222656,-4.246194929351779,0.0,-11.695753961334256,0.0,0,15.995990669602078,15.995990669602078,0.0,0.0,0.0,0.0,0.0,0.0,0.0,95.27389595735177,95.27389595735177,59.308849820280756,0.0,0.0,0.035743846320749874,1.0,308.3713472641225,0.6851207723245003,1,1,2,18.62196444836505,0.8858884203351435,2.0611040646844003,16.57172898869791,172.78126525878906,223.19593811035156,12.695929148021278,16.57172898869791,0.0,0,7.842054013995346,56.22294498607516
GT+smooth-jitter_controlled_forward3x6_SoftMS_local_prior_3frame_causal_heading_continuous_waypoint_RNN_polynomial_Kalman,1,controlled_gt_jitter,8.0,178.4069949441958,221.6779503746875,3.031705027203603,-4.78883124152343,0,1,6,175.5034441440131,226.29422236234564,173.18602874130238,226.26469596922414,5144,172.75181579589844,223.3020477294922,172.76260375976562,223.88687133789062,0.9444179534912109,1,3.6479507900828883,11.799466330558062,39,/yh/study/cvpr_data/Bearing_UAV_90K/citya/uav_254k_34bc_b15_s100/blk_3_6_s_076_v3d.jpg,175.3752899169922,226.46678161621094,311.3899094716144,-2.1985684215190533,1,6.908713856569006,6.908713856569006,1,6.908713856569006,137.94512993815812,12.000000000000002,311.3899094716144,-2.248953118123687,175.42546131900352,226.4714128225504,0.05038469660463573,7.876304648900808,1,0.0,0,0,0.24351746773115548,1.0,306.3426818847656,-4.777264595031738,1,1,6,18,1,95.27389595735177,188.75181579589844,215.3020477294922,183.20091247558594,221.94833374023438,6,183.20091247558594,221.94833374023438,306.1712951660156,-9.575740814208984,0.9188070893287659,0.04231290519237518,4.0,72.34969329833984,1,306.1712951660156,-9.575740814208984,9.036404582690347,4.0,72.34969329833984,0.24351746773115548,306.1712951660156,-9.575740814208984,306.1712951660156,-4.000756939880094,0.0,-5.574983874328891,0.0,0,6.790940253765917,6.790940253765917,0.0,0.0,0.0,0.0,0.0,0.0,0.0,95.27389595735177,95.27389595735177,42.67123398080634,0.0,0.0,0.01658158108282314,1.0,309.0610708571238,0.6401948141178153,1,1,2,17.932240855363744,0.8901149050837174,2.3288386144905644,6.908713856569006,172.76260375976562,223.88687133789062,0.6911851969359208,6.908713856569006,0.0,0,3.6717932948827734,65.08494913578033
GT+smooth-jitter_controlled_forward3x6_SoftMS_local_prior_3frame_causal_heading_continuous_waypoint_RNN_polynomial_Kalman,1,controlled_gt_jitter,8.0,172.30050131519633,237.46318738195112,3.206018893321315,-4.692391231330133,0,1,6,174.17732134518414,241.78530412769376,171.751812,241.802044,5382,172.75181579589844,239.3020477294922,172.7513885498047,239.47256469726562,0.9814178943634033,1,2.716992456742515,11.259489227086306,40,/yh/study/cvpr_data/Bearing_UAV_90K/citya/uav_254k_34bc_b15_s100/blk_3_5_s_085_v3d.jpg,169.094482421875,242.15557861328125,326.9933117124875,2.6373238662071437,2,16.899316376883494,16.899316376883494,1,16.899316376883494,111.81805791062698,-12.000000000000002,326.9933117124875,-2.3103190147012835,174.05235069274116,242.01440141779148,4.9598779008951155,8.574697596139814,1,0.0,0,0,0.23688421816478475,1.0,322.62237548828125,-0.14755217730998993,1,1,6,18,1,95.27389595735177,188.75181579589844,239.3020477294922,179.21487426757812,238.458984375,6,179.21487426757812,238.458984375,322.9784240722656,-7.124185085296631,0.8762305378913879,0.026651740074157715,4.0,57.421287536621094,1,322.9784240722656,-7.124185085296631,10.774373705417545,4.0,57.421287536621094,0.23688421816478475,322.9784240722656,-7.124185085296631,322.9784240722656,-4.051177974673179,0.0,-3.073007110623452,0.0,0,16.297371066732815,16.297371066732815,0.0,0.0,0.0,0.0,0.0,0.0,0.0,95.27389595735177,95.27389595735177,16.544161953275204,0.0,0.0,0.014617233293345041,1.0,324.58181584138515,-0.7812264488886436,2,1,2,2.411495871102403,0.9852228477844112,2.4114958711023746,16.899316376883494,172.7513885498047,239.47256469726562,15.585697394515282,16.899316376883494,0.0,0,4.535584427835425,61.3075066357851
GT+smooth-jitter_controlled_forward3x6_SoftMS_local_prior_3frame_causal_heading_continuous_waypoint_RNN_polynomial_Kalman,1,controlled_gt_jitter,8.0,182.81363945702185,233.94923952345275,3.377100760732786,-4.58934995408632,0,1,6,174.3684421021753,241.46041599879993,171.751812,241.802044,5382,172.75181579589844,239.3020477294922,172.75135803222656,239.44326782226562,0.9844207763671875,1,2.5853138407894756,6.729141343384981,41,/yh/study/cvpr_data/Bearing_UAV_90K/citya/uav_254k_34bc_b15_s100/blk_4_6_s_096_v3d.jpg,179.43653869628906,238.53858947753906,326.9933117124875,-8.31584495460948,2,10.956310436968472,10.956310436968472,1,10.956310436968472,-19.27656848444967,-12.000000000000002,326.9933117124875,-2.413702708006877,174.1552967296887,242.02390412889434,6.327632648055088,9.227637492712548,1,0.0,0,0,0.4010449249839684,1.0,318.156982421875,-10.293193817138672,1,1,6,18,1,95.27389595735177,204.75181579589844,239.3020477294922,188.5101318359375,236.07435607910156,9,188.5101318359375,236.07435607910156,319.74951171875,-16.160905838012695,0.8224496841430664,0.09328892827033997,4.0,117.5544662475586,1,319.74951171875,-16.160905838012695,9.402258284031141,4.0,117.5544662475586,0.4010449249839684,319.74951171875,-16.160905838012695,319.74951171875,-4.425426834230425,0.0,-11.73547900378227,0.0,0,10.098974751268798,10.098974751268798,0.0,0.0,0.0,0.0,0.0,0.0,0.0,95.27389595735177,95.27389595735177,114.55046444180144,0.0,0.0,0.04894673985000605,1.0,324.5526457945427,-0.7785031818620656,2,1,2,2.4406659179448695,0.9850440997187427,2.440665917944841,10.956310436968472,172.75135803222656,239.44326782226562,0.029296890894567627,10.956310436968472,0.0,0,6.74611617292293,39.842975325882435
GT+smooth-jitter_controlled_forward3x6_SoftMS_local_prior_3frame_causal_heading_continuous_waypoint_RNN_polynomial_Kalman,1,controlled_gt_jitter,8.0,178.38987478420324,250.99497305363795,3.5446904580313547,-4.479819426830812,0,1,6,177.4646532689532,254.858189478899,176.04402778904452,255.087473823233,5621,180.75181579589844,255.3020477294922,175.25762939453125,255.30197143554688,0.8653482794761658,1,2.251198971062922,9.16425185278058,42,/yh/study/cvpr_data/Bearing_UAV_90K/citya/uav_254k_34bc_b15_s100/blk_3_5_s_007_v3d.jpg,174.84518432617188,255.47479248046875,340.95489335525895,1.2598576866913676,2,17.547521395012993,17.547521395012993,1,17.547521395012993,105.16814343521708,12.000000000000002,340.95489335525895,-2.574151671964824,178.58529363779198,254.67732175842144,3.824183208920573,6.835452669825054,1,0.0,0,0,0.5484551327106204,1.0,337.7817687988281,-3.490398406982422,1,1,6,18,1,80.83170947216264,172.75181579589844,263.3020324707031,177.59182739257812,258.0888671875,9,177.59182739257812,258.0888671875,344.2867736816406,-0.5501207113265991,0.7580588459968567,0.17296543717384338,4.0,37.97428512573242,1,344.2867736816406,-0.5501207113265991,3.8277889651241286,4.0,37.97428512573242,0.5484551327106204,344.2867736816406,-0.5501207113265991,344.2867736816406,-0.5501207113265991,0.0,0.0,0.0,0,16.893719683411955,16.893719683411955,0.0,0.0,0.0,0.0,0.0,0.0,0.0,80.88543147956538,80.88543147956538,24.282711955651695,0.0,0.0,0.08012845422692408,1.0,340.9172401263331,0.8142566517584214,2,2,3,156.84638516553508,0.08153600073687994,0.03765322892581935,17.547521395012993,175.25762939453125,255.30197143554688,16.055524794767948,17.547521395012993,0.0,0,0.44718905172405354,55.92486495152116
GT+smooth-jitter_controlled_forward3x6_SoftMS_local_prior_3frame_causal_heading_continuous_waypoint_RNN_polynomial_Kalman,1,controlled_gt_jitter,8.0,180.46532195774336,256.6407773496396,3.708531796610531,-4.363922357391635,0,1,6,179.12124090142945,260.285517128902,177.84242931872208,260.65395474842546,5740,180.75181579589844,263.3020324707031,180.48013305664062,263.1595764160156,0.9567102789878845,1,3.179120110240996,8.586828131228685,43,/yh/study/cvpr_data/Bearing_UAV_90K/citya/uav_254k_34bc_b15_s100/blk_4_5_s_052_v3d.jpg,176.7567901611328,261.00469970703125,346.80467608220516,1.140891934618926,2,5.850992292136853,5.850992292136853,1,5.850992292136853,70.93050135343695,-12.000000000000002,346.80467608220516,-1.439009403972904,179.2251931033334,260.255567523869,2.5795759560272598,6.179922108632689,1,0.0,0,0,0.4793293746535456,1.0,343.7922058105469,-3.729640483856201,1,1,6,18,1,73.92781231719776,172.75181579589844,263.3020324707031,179.68795776367188,262.850830078125,6,179.68795776367188,262.850830078125,349.4625244140625,-1.0807640552520752,0.8338952660560608,0.10880415141582489,4.0,37.180477142333984,1,349.4625244140625,-1.0807640552520752,3.4679007418588155,4.0,37.180477142333984,0.4793293746535456,349.4625244140625,-1.0807640552520752,349.4625244140625,-1.0807640552520752,0.0,0.0,0.0,1,5.850895526921603,5.850895526921603,0.0,0.0,0.0,0.0,0.0,0.0,0.0,72.20831983503005,72.20831983503005,1.277818481593109,0.0,0.0,0.04290124443998375,1.0,349.9998623870572,-1.7396566981484463,2,2,3,147.76376290481102,0.13472219024693263,3.1951863048520295,5.850992292136853,180.48013305664062,263.1595764160156,9.434855617858343,5.850992292136853,3.58386332572149,0,4.301950249416168,50.67706713452935
GT+smooth-jitter_controlled_forward3x6_SoftMS_local_prior_3frame_causal_heading_continuous_waypoint_RNN_polynomial_Kalman,1,controlled_gt_jitter,8.0,186.36797630047755,254.45025512020723,3.8683730289931835,-4.241791998933385,0,1,6,179.19748284763708,260.26355110861533,177.84242931872208,260.65395474842546,5740,180.75181579589844,263.3020324707031,180.4950408935547,263.1395568847656,0.956080973148346,1,3.155164988867521,9.62717505171895,44,/yh/study/cvpr_data/Bearing_UAV_90K/citya/uav_254k_34bc_b15_s100/blk_3_6_s_029_v3d.jpg,182.49960327148438,258.6920471191406,346.80467608220516,-5.03477975673836,2,6.190982507866017,6.190982507866017,1,6.190982507866017,-21.934832768854793,-12.000000000000002,346.80467608220516,-1.3308288182732657,179.12124090142945,260.285517128902,3.7353017248158134,6.825309115775962,1,0.0,0,0,0.27707550777546247,1.0,343.5224304199219,-10.019865989685059,1,1,6,18,1,73.92781231719776,172.75181579589844,263.3020324707031,185.40618896484375,260.6617126464844,11,185.40618896484375,260.6617126464844,349.13739013671875,-7.195065975189209,0.8667198419570923,0.039431050419807434,4.3465070724487305,52.426448822021484,1,349.13739013671875,-7.195065975189209,3.549163476181579,4.3465070724487305,52.426448822021484,0.27707550777546247,349.13739013671875,-7.195065975189209,349.13739013671875,-3.1380034061027793,0.0,-4.05706256908643,0.0,0,5.6957039072367355,5.6957039072367355,0.0,0.0,0.0,0.0,0.0,0.0,0.0,72.21158141988472,72.21158141988472,94.14641418873951,0.0,0.0,0.007877440834934435,1.0,349.9853955143417,-1.7599971707771898,2,2,3,147.77822977752652,0.13463747486278727,3.1807194321365273,6.190982507866017,180.4950408935547,263.1395568847656,0.024960473411496247,6.190982507866017,0.0,0,4.878382256685188,54.44937711581588
GT+smooth-jitter_controlled_forward3x6_SoftMS_local_prior_3frame_causal_heading_continuous_waypoint_RNN_polynomial_Kalman,1,controlled_gt_jitter,8.0,194.2002978680616,269.51206888509876,4.023967301655339,-4.113571984041854,0,1,6,184.1725068829778,275.53182508803025,182.8029098170086,276.0078229574076,5978,180.75181579589844,279.3020324707031,181.0650177001953,277.8896484375,0.8698844909667969,1,3.9007460784335897,8.816787973046303,45,/yh/study/cvpr_data/Bearing_UAV_90K/citya/uav_254k_34bc_b15_s100/blk_3_5_s_065_v3d.jpg,190.17633056640625,273.6256408691406,362.9399677050012,-7.748685375552925,2,16.79119901170365,16.79119901170365,1,16.79119901170365,62.79422578013408,12.000000000000002,362.9399677050012,-1.4101719995099953,184.14478795213222,275.57429309836766,6.338513376042927,7.646609092031768,1,0.0,0,0,0.20894329114952093,1.0,360.2626953125,-12.842411994934082,1,1,6,18,1,72.0955524937518,212.75181579589844,271.3020324707031,196.9201202392578,270.0140075683594,7,196.9201202392578,270.0140075683594,361.57647705078125,-15.276203155517578,0.9515808820724487,0.036220766603946686,4.0,74.63191223144531,1,361.57647705078125,-15.276203155517578,7.65000854194486,4.0,74.63191223144531,0.20894329114952093,361.57647705078125,-15.276203155517578,361.57647705078125,-3.104928429906705,0.0,-12.171274725610873,0.0,0,16.19790309076736,16.19790309076736,0.0,0.0,0.0,0.0,0.0,0.0,0.0,72.0955524937518,72.0955524937518,9.301326713617728,0.0,0.0,0.0018483985668832136,1.0,364.19637638567383,2.2322574614809585,2,2,3,133.56724890619438,0.217854402755388,1.256408680672621,16.79119901170365,181.0650177001953,277.8896484375,14.76110003943318,16.79119901170365,0.0,0,10.05971086507992,53.90915181487799
GT+smooth-jitter_controlled_forward3x6_SoftMS_local_prior_3frame_causal_heading_continuous_waypoint_RNN_polynomial_Kalman,1,controlled_gt_jitter,8.0,195.2594084285466,281.0640714102642,4.17507310139817,-3.9794161385639475,0,1,6,187.6720541807664,286.1353313793851,186.22892585156941,286.61215830247676,6098,188.75181579589844,287.3020324707031,188.71163940429688,287.2933349609375,0.9943990111351013,1,1.5561843502204744,6.54936209321022,46,/yh/study/cvpr_data/Bearing_UAV_90K/citya/uav_254k_34bc_b15_s100/blk_3_6_s_014_v3d.jpg,191.08433532714844,285.0434875488281,374.08400261071426,-5.102521838159534,2,11.453894335394462,11.453894335394462,1,11.453894335394462,85.45311967203389,12.000000000000002,374.08400261071426,-1.4496044785163484,187.60832677214808,286.16650569736674,3.6529173596432227,8.495247239716463,1,0.0,0,0,0.3060824720667024,1.0,371.5808410644531,-10.298791885375977,1,1,6,18,1,72.0955524937518,212.75181579589844,287.3020324707031,200.06649780273438,281.863525390625,11,200.06649780273438,281.863525390625,373.8194274902344,-14.627300262451172,0.9025030136108398,0.05990557372570038,4.0,56.61919403076172,1,373.8194274902344,-14.627300262451172,9.52845234160446,4.0,56.61919403076172,0.3060824720667024,373.8194274902344,-14.627300262451172,373.8194274902344,-3.3046405574264073,0.0,-11.322659705024764,0.0,0,11.287582788562906,11.287582788562906,0.0,0.0,0.0,0.0,0.0,0.0,0.0,72.0955524937518,72.0955524937518,13.357567178282094,0.0,0.0,0.0017821252106581152,1.0,375.49545208027337,-2.1530626140011857,2,2,3,122.26817321159484,0.28401974178749845,1.411449469559102,11.453894335394462,188.71163940429688,287.2933349609375,12.120236949693563,11.453894335394462,0.6663426142991007,0,3.269785821746079,54.2998556047678
GT+smooth-jitter_controlled_forward3x6_SoftMS_local_prior_3frame_causal_heading_continuous_waypoint_RNN_polynomial_Kalman,1,controlled_gt_jitter,8.0,192.00282066112595,286.9034011288286,4.321454694329087,-3.839488275468297,0,1,6,189.31365243895186,289.97849527756216,187.57461253069494,290.7773789759606,6098,188.75181579589844,287.3020324707031,188.75059509277344,287.830078125,0.9496150612831116,1,2.2209749743094345,6.4996681176126,47,/yh/study/cvpr_data/Bearing_UAV_90K/citya/uav_254k_34bc_b15_s100/blk_4_6_s_071_v3d.jpg,187.68136596679688,290.7428894042969,378.46120901402594,-0.11218657082338444,2,6.638025457740588,6.638025457740588,1,6.638025457740588,120.84036201408739,12.000000000000002,378.46120901402594,-1.5198295389683147,189.02083755017145,290.31013704659125,1.407642968144894,8.8040868276223,1,0.0,0,0,0.6556829214012437,1.0,376.1361999511719,-5.404731273651123,1,1,6,18,1,72.0955524937518,212.75181579589844,287.3020324707031,208.18934631347656,282.6103210449219,8,208.18934631347656,282.6103210449219,377.02728271484375,-22.12717628479004,0.5932326316833496,0.1377573013305664,4.0,16.500778198242188,1,377.02728271484375,-22.12717628479004,22.0616390310771,4.0,16.500778198242188,0.6556829214012437,377.02728271484375,-22.12717628479004,377.02728271484375,-3.951706359280367,0.0,-18.175469925509674,0.0,0,6.457965758559751,6.457965758559751,0.0,0.0,0.0,0.0,0.0,0.0,0.0,72.0955524937518,72.0955524937518,48.74480952033558,0.0,0.0,0.013639954684047216,1.0,376.018177230413,-2.0251204894135486,2,2,3,121.74544806145519,0.287080725509922,2.4430317836129234,6.638025457740588,188.75059509277344,287.830078125,0.5381549682317416,6.638025457740588,0.0,0,3.1028568243855053,54.09178510308266
GT+smooth-jitter_controlled_forward3x6_SoftMS_local_prior_3frame_causal_heading_continuous_waypoint_RNN_polynomial_Kalman,1,controlled_gt_jitter,8.0,194.96167711219042,297.1651994079185,4.462882556526352,-3.693961969034608,0,1,6,192.69075492873952,299.8267326993548,190.80032990111206,300.7617422653468,6336,188.75181579589844,303.3020324707031,189.29379272460938,302.9111022949219,0.9118896722793579,1,4.588320827748133,7.182693108916283,48,/yh/study/cvpr_data/Bearing_UAV_90K/citya/uav_254k_34bc_b15_s100/blk_3_6_s_055_v3d.jpg,190.49879455566406,300.8591613769531,388.95371885906565,0.3168817569072246,2,10.501279087716721,10.501279087716721,1,10.501279087716721,74.43723386432622,-12.000000000000002,388.6468254592414,-1.9004203509107231,192.51436553995956,299.88546439972885,2.2384396789258365,9.332530178769257,1,0.0,0,0,0.20537867512229702,1.0,386.8106689453125,-5.065502166748047,1,1,6,18,1,72.0955524937518,212.75181579589844,287.3020324707031,195.24668884277344,299.7588195800781,9,195.24668884277344,299.7588195800781,389.3663024902344,-4.539353370666504,0.9155531525611877,0.021258115768432617,4.0,51.87228775024414,1,389.3663024902344,-4.539353370666504,4.873730077362642,4.0,51.87228775024414,0.20537867512229702,389.3663024902344,-4.539353370666504,389.3663024902344,-3.5892951648625133,0.0,-0.9500582058039906,0.0,1,10.411176760699384,10.411176760699384,0.0,0.0,0.0,0.0,0.0,0.0,0.0,72.0955524937518,72.0955524937518,2.3416813705744155,0.0,0.0,0.0038345304753617487,1.0,390.5358310972912,2.0943551911212213,2,2,3,107.22779419457703,0.3720934748724146,1.582112238225534,10.501279087716721,189.29379272460938,302.9111022949219,15.0908036128299,10.501279087716721,4.589524525113179,0,2.3795989039499044,39.601468946784735
GT+smooth-jitter_controlled_forward3x6_SoftMS_local_prior_3frame_causal_heading_continuous_waypoint_RNN_polynomial_Kalman,1,controlled_gt_jitter,8.0,198.56054431793467,302.6303805691806,4.599133795473721,-3.5430203097256334,0,1,6,195.19673794941897,305.6610624593103,192.68223100731083,306.586674260724,6337,196.75181579589844,303.3020324707031,196.4474639892578,304.046875,0.9052155613899231,1,2.042037409188575,9.088458027690649,49,/yh/study/cvpr_data/Bearing_UAV_90K/citya/uav_254k_34bc_b15_s100/blk_4_7_s_039_v3d.jpg,193.96141052246094,306.17340087890625,395.0751063263218,-1.3442823810861682,2,6.342779423693973,6.342779423693973,1,6.342779423693973,56.91281281770453,-12.000000000000002,394.99491790788113,-2.0863232123681255,194.64286235490187,305.8689699708097,0.7463610237288572,8.680800909486122,1,0.0,0,0,0.5794566998149597,1.0,393.1175842285156,-6.809915065765381,1,1,6,18,1,72.0955524937518,212.75181579589844,311.3020324707031,203.06671142578125,307.4866027832031,11,203.06671142578125,307.4866027832031,399.12396240234375,-9.604900360107422,0.7092992663383484,0.24445030093193054,4.0,32.275596618652344,1,399.12396240234375,-9.604900360107422,9.199513297977719,4.0,32.275596618652344,0.5794566998149597,399.12396240234375,-9.604900360107422,399.12396240234375,-4.392426767062809,0.0,-5.2124735930446136,0.0,1,6.349752329645339,6.349752329645339,0.0,0.0,0.0,0.0,0.0,0.0,0.0,72.0955524937518,72.0955524937518,15.182739676047278,0.0,0.0,0.06356192984835309,1.0,393.8158555595574,-4.363696506348579,2,2,3,103.9477697323108,0.39130070353831237,1.25925076676441,6.342779423693973,196.4474639892578,304.046875,7.243272202551638,6.342779423693973,0.9004927788576644,0,3.2714788939301993,50.669158808887005
GT+smooth-jitter_controlled_forward3x6_SoftMS_local_prior_3frame_causal_heading_continuous_waypoint_RNN_polynomial_Kalman,1,controlled_gt_jitter,8.0,195.61974781039257,311.9459385493155,4.7299925613691185,-3.3868556401376577,0,1,6,197.15337646717583,313.30916271897314,195.07142344051067,313.9817936968188,6456,196.75181579589844,311.3020324707031,196.74627685546875,311.5274963378906,0.9754891395568848,1,1.8275845226231608,6.768852937966585,50,/yh/study/cvpr_data/Bearing_UAV_90K/citya/uav_254k_34bc_b15_s100/blk_3_7_s_027_v3d.jpg,190.88975524902344,315.3327941894531,402.84659472668415,4.39449100520121,2,9.660722122912306,9.660722122912306,1,9.660722122912306,108.5391741561547,12.000000000000002,402.84659472668415,-2.6772920192259893,197.6190556606857,313.158712517993,7.071783024427184,8.109390840133804,1,0.0,0,0,0.33823342891039904,1.0,401.0779113769531,-1.1476532220840454,1,1,6,18,1,72.0955524937518,196.75181579589844,319.3020324707031,196.09869384765625,313.757568359375,7,196.09869384765625,313.757568359375,402.94903564453125,-1.0464539527893066,0.9155580997467041,0.06879006326198578,4.0,31.94952392578125,1,402.94903564453125,-1.0464539527893066,5.441909240104248,4.0,31.94952392578125,0.33823342891039904,402.94903564453125,-1.0464539527893066,402.94903564453125,-1.0464539527893066,0.0,0.0,0.0,0,9.518203332343179,9.518203332343179,0.0,0.0,0.0,0.0,0.0,0.0,0.0,72.0955524937518,72.0955524937518,36.44362166240289,0.0,0.0,0.008552087871502087,1.0,401.0260586509217,-2.3482669959963953,2,2,3,96.73756664094651,0.4335223458146364,1.8205360757624476,9.660722122912306,196.74627685546875,311.5274963378906,7.486586988068576,9.660722122912306,0.0,0,6.984206258829056,40.54757906123996
GT+smooth-jitter_controlled_forward3x6_SoftMS_local_prior_3frame_causal_heading_continuous_waypoint_RNN_polynomial_Kalman,1,controlled_gt_jitter,8.0,200.98173054996624,327.9314962548735,4.85525044742717,-3.2256692724702662,0,1,6,202.57617126377585,327.9348703450174,200.19565458852207,329.84250915494925,6695,204.75181579589844,327.3020324707031,201.26292419433594,327.3506774902344,0.8457062244415283,1,1.4373236089941686,7.388032041490078,51,/yh/study/cvpr_data/Bearing_UAV_90K/citya/uav_254k_34bc_b15_s100/blk_4_6_s_015_v3d.jpg,196.12648010253906,331.15716552734375,419.5145292028581,4.276272018341743,2,16.668353710876264,16.668353710876264,1,16.668353710876264,71.68918327991265,-12.000000000000002,418.9314801406903,-2.187912438283988,202.0983605603437,328.6150658644927,6.490425787124946,7.641232544675588,1,0.0,0,0,0.582576967073974,1.0,417.937744140625,-1.3355103731155396,1,1,6,18,1,72.0955524937518,220.75181579589844,319.3020324707031,207.61865234375,325.00543212890625,14,207.61865234375,325.00543212890625,417.1937561035156,-8.550570487976074,0.6624444723129272,0.31911346316337585,4.0,65.87754821777344,1,417.1937561035156,-8.550570487976074,13.035101705031433,4.0,65.87754821777344,0.582576967073974,417.1937561035156,-8.550570487976074,417.1937561035156,-4.499164433956045,0.0,-4.051406054020029,0.0,0,16.084885414006166,16.084885414006166,0.0,0.0,0.0,0.0,0.0,0.0,0.0,72.0955524937518,72.0955524937518,0.40636921383915525,0.0,0.0,0.02938118944538698,1.0,417.47148680340285,-1.781647330646019,2,2,3,80.29213848846535,0.5298237919371013,2.04304239945526,16.668353710876264,201.26292419433594,327.3506774902344,16.455186567267553,16.668353710876264,0.0,0,6.393153297459072,45.9595681168139
GT+smooth-jitter_controlled_forward3x6_SoftMS_local_prior_3frame_causal_heading_continuous_waypoint_RNN_polynomial_Kalman,1,controlled_gt_jitter,8.0,204.65256332363015,325.3395902866132,4.974706878317644,-3.0596711879962015,0,1,6,202.97433654595028,328.74228415312814,200.19565458852207,329.84250915494925,6695,204.75181579589844,327.3020324707031,201.91552734375,327.3879699707031,0.8494652509689331,1,1.7190822642856645,7.436193060129881,52,/yh/study/cvpr_data/Bearing_UAV_90K/citya/uav_254k_34bc_b15_s100/blk_4_7_s_029_v3d.jpg,199.6778564453125,328.3992614746094,419.5145292028581,0.04902312865882294,2,4.496477364793415,4.496477364793415,1,4.496477364793415,-37.83195914381936,-12.000000000000002,419.5145292028581,-2.8516958658847793,202.90924437174203,328.9658109172936,3.2806777046946203,8.266293207420354,1,0.0,0,0,0.4360431999494671,1.0,416.5998840332031,-5.625397682189941,1,1,6,18,1,72.0955524937518,228.75181579589844,311.3020324707031,218.1287384033203,320.85223388671875,7,218.1287384033203,320.85223388671875,416.47283935546875,-19.828479766845703,0.6876137852668762,0.06560984253883362,4.0,60.54487228393555,1,416.47283935546875,-19.828479766845703,19.934709877663092,4.0,60.54487228393555,0.4360431999494671,416.47283935546875,-19.828479766845703,416.47283935546875,-4.9211671458014,0.0,-14.907312621044305,0.0,0,4.223431936131451,4.223431936131451,0.0,0.0,0.0,0.0,0.0,0.0,0.0,72.0955524937518,72.0955524937518,109.92751163757117,0.0,0.0,0.011753760870401314,1.0,417.70760333077385,-2.3911804185312775,2,2,3,80.05602196109436,0.531206447519456,1.806925872084264,4.496477364793415,201.91552734375,327.3879699707031,0.6536678053297909,4.496477364793415,0.0,0,2.455581714296442,38.77104399725795
GT+smooth-jitter_controlled_forward3x6_SoftMS_local_prior_3frame_causal_heading_continuous_waypoint_RNN_polynomial_Kalman,1,controlled_gt_jitter,8.0,207.08253899273853,330.85957750750833,5.088169485902599,-2.8890797190541506,0,1,6,204.40268818608197,332.60455295374254,201.50836898987836,333.9056727781949,6814,204.75181579589844,335.3020324707031,204.54103088378906,335.2411193847656,0.9709584712982178,1,2.6401934109467584,6.945081055164337,53,/yh/study/cvpr_data/Bearing_UAV_90K/citya/uav_254k_34bc_b15_s100/blk_3_6_s_019_v3d.jpg,201.99436950683594,333.7486572265625,423.7844844401873,-0.5107351426497496,2,5.829431162233827,5.829431162233827,1,5.829431162233827,66.58536172479488,12.000000000000002,423.7844844401873,-2.982354602522608,204.3462897780524,332.9888060620156,2.4716194598728625,8.854475250775387,1,0.0,0,0,0.4573824141399603,1.0,422.5995788574219,-6.240678310394287,1,1,6,18,1,72.0955524937518,228.75181579589844,319.3020324707031,219.07525634765625,323.76300048828125,7,219.07525634765625,323.76300048828125,419.5335998535156,-19.834299087524414,0.6610656380653381,0.07004356384277344,4.0,67.64009857177734,1,419.5335998535156,-19.834299087524414,19.7856044461842,4.0,67.64009857177734,0.4573824141399603,419.5335998535156,-19.834299087524414,419.5335998535156,-5.087035585853543,0.0,-14.74726350167087,0.0,0,5.720088301502471,5.720088301502471,0.0,0.0,0.0,0.0,0.0,0.0,0.0,72.0955524937518,72.0955524937518,5.510190768956918,0.0,0.0,0.02158903661792541,1.0,425.98758880365835,-2.475234729360859,2,2,3,71.77603648820985,0.5796925414975855,2.2031043634710272,5.829431162233827,204.54103088378906,335.2411193847656,8.280412100756088,5.829431162233827,2.450980938522261,0,2.9517668374268853,42.779447976499796
GT+smooth-jitter_controlled_forward3x6_SoftMS_local_prior_3frame_causal_heading_continuous_waypoint_RNN_polynomial_Kalman,1,controlled_gt_jitter,8.0,213.9783981970454,336.66710437180996,5.195454471459477,-2.7141212141275317,0,1,6,207.17172817073785,339.9017721498115,203.79774255203347,340.9918290420083,6933,204.75181579589844,343.3020324707031,204.75619506835938,342.7415771484375,0.9466844797134399,1,3.7281755053789194,7.485572714358568,54,/yh/study/cvpr_data/Bearing_UAV_90K/citya/uav_254k_34bc_b15_s100/blk_4_6_s_001_v3d.jpg,208.78294372558594,339.3812255859375,431.23128522322673,-5.23891918562373,2,8.821029772453416,8.821029772453416,1,8.821029772453416,39.682935721263384,-12.000000000000002,431.23128522322673,-3.15415278497135,206.79914142994554,340.0221463276059,2.0847664006523443,9.002111932296756,1,0.0,0,0,0.5771608758867603,1.0,430.245849609375,-11.01716423034668,1,1,6,18,1,72.0955524937518,228.75181579589844,343.3020324707031,222.05093383789062,339.85357666015625,10,222.05093383789062,339.85357666015625,435.7597351074219,-17.719133377075195,0.7301468849182129,0.2961512804031372,4.120840549468994,20.331562042236328,1,435.7597351074219,-17.719133377075195,13.276392756248732,4.120840549468994,20.331562042236328,0.5771608758867603,435.7597351074219,-17.719133377075195,435.7597351074219,-5.456468230184504,0.0,-12.26266514689069,0.0,0,8.73895588122157,8.73895588122157,0.0,0.0,0.0,0.0,0.0,0.0,0.0,72.0955524937518,72.0955524937518,32.41261677248842,0.0,0.0,0.045085867839635176,1.0,433.19095149886596,-0.3741092756483843,2,2,3,64.57267379300225,0.6218741276540061,1.959666275639222,8.821029772453416,204.75619506835938,342.7415771484375,7.503543315724079,8.821029772453416,0.0,0,5.244679911307468,50.716481637209654
GT+smooth-jitter_controlled_forward3x6_SoftMS_local_prior_3frame_causal_heading_continuous_waypoint_RNN_polynomial_Kalman,1,controlled_gt_jitter,8.0,208.77693199754944,349.26709433682794,5.296386953604132,-2.5350296866095694,0,1,6,210.41838155500795,349.56066915063263,206.93022616724647,350.6876116605248,7053,212.75181579589844,351.3020324707031,207.47286987304688,351.2973327636719,0.8609402179718018,1,3.4193624513092638,6.8696909584105015,55,/yh/study/cvpr_data/Bearing_UAV_90K/citya/uav_254k_34bc_b15_s100/blk_3_7_s_013_v3d.jpg,203.4805450439453,351.8021240234375,441.420527304221,3.62525001338468,2,13.505337825236145,13.505337825236145,1,13.505337825236145,113.11731267657969,12.000000000000002,441.420527304221,-3.5457020438059588,210.30421178595086,349.597554768328,7.170952057190636,9.699304806286616,1,0.0,0,0,0.29793903463599275,1.0,440.63653564453125,-2.193981170654297,1,1,6,18,1,72.0955524937518,228.75181579589844,351.3020324707031,220.055419921875,349.1864013671875,5,220.055419921875,349.1864013671875,444.027099609375,-12.951066017150879,0.8081358075141907,0.04126672446727753,4.0,79.07654571533203,1,444.027099609375,-12.951066017150879,16.780002155130536,4.0,79.07654571533203,0.29793903463599275,444.027099609375,-12.951066017150879,444.027099609375,-5.387301450955347,0.0,-7.563764566195532,0.0,0,13.174910799217255,13.174910799217255,0.0,0.0,0.0,0.0,0.0,0.0,0.0,72.0955524937518,72.0955524937518,41.02176018282788,0.0,0.0,0.006618936949761654,1.0,442.16754516196255,-0.3289169124306448,2,2,3,55.59608012990566,0.6744394329166443,0.7470178577415254,13.505337825236145,207.47286987304688,351.2973327636719,8.976707422102962,13.505337825236145,0.0,0,4.024111300274457,45.35969812422991
GT+smooth-jitter_controlled_forward3x6_SoftMS_local_prior_3frame_causal_heading_continuous_waypoint_RNN_polynomial_Kalman,1,controlled_gt_jitter,8.0,216.380730500373,358.09817938218305,5.390801301154265,-2.3520464478950545,0,1,6,213.7880475218245,359.54621837200546,210.1698955582752,360.7151597756137,7172,212.75181579589844,359.3020324707031,212.74356079101562,359.3160400390625,0.9972894787788391,1,1.0695487813990532,7.499519269913435,56,/yh/study/cvpr_data/Bearing_UAV_90K/citya/uav_254k_34bc_b15_s100/blk_3_7_s_034_v3d.jpg,210.98992919921875,360.4502258300781,451.9584198337352,-0.8617686277512102,2,11.453406272785953,11.453406272785953,1,11.453406272785953,49.03132126858997,-12.000000000000002,451.9584198337352,-3.6656823961946583,213.65805094603667,359.58821726572154,2.8039137684434583,10.379541746863007,1,0.0,0,0,0.30631208931544673,1.0,451.3775634765625,-6.714587211608887,1,1,6,18,1,72.0955524937518,228.75181579589844,351.3020324707031,223.8825225830078,358.22509765625,6,223.8825225830078,358.22509765625,453.80462646484375,-13.81405258178711,0.7593429088592529,0.01599574089050293,4.0,14.093450546264648,1,453.80462646484375,-13.81405258178711,13.083200623346118,4.0,14.093450546264648,0.30631208931544673,453.80462646484375,-13.81405258178711,453.80462646484375,-5.521097343565145,0.0,-8.292955238221964,0.0,0,11.287133770963077,11.287133770963077,0.0,0.0,0.0,0.0,0.0,0.0,0.0,72.0955524937518,72.0955524937518,23.06423122516183,0.0,0.0,0.004354173100282948,1.0,451.41828185227143,-2.8791560792017243,2,2,3,46.345343439596775,0.7286100700514692,0.5401379814637721,11.453406272785953,212.74356079101562,359.3160400390625,9.5958245670271,11.453406272785953,0.0,0,2.0884446768563873,48.14640386030078
GT+smooth-jitter_controlled_forward3x6_SoftMS_local_prior_3frame_causal_heading_continuous_waypoint_RNN_polynomial_Kalman,1,controlled_gt_jitter,8.0,222.43960102051767,365.45704731554275,5.478541450205174,-2.165419725472854,0,1,6,217.02727035003102,367.6010758660296,212.83242829436222,368.95633253016877,7292,220.75181579589844,367.3020324707031,212.80087280273438,367.312744140625,0.9931187629699707,1,4.236221360088476,6.9853877648711205,57,/yh/study/cvpr_data/Bearing_UAV_90K/citya/uav_254k_34bc_b15_s100/blk_4_8_s_041_v3d.jpg,216.9610595703125,367.6224670410156,460.61902079101037,-4.338754816293335,2,9.332493873368918,9.332493873368918,1,9.332493873368918,50.22148837126761,1.190167102677638,460.61902079101037,-3.802295048573352,216.45058025791153,367.7873911265605,0.536459767719996,9.848129839586203,1,0.0,0,0,0.5571644708700829,1.0,460.24273681640625,-10.217689514160156,1,1,6,18,1,72.0955524937518,228.75181579589844,359.3020324707031,226.24191284179688,364.9115295410156,4,226.24191284179688,364.9115295410156,460.892578125,-14.003565788269043,0.7792224884033203,0.17907501757144928,4.0,11.98676586151123,1,460.892578125,-14.003565788269043,9.668681644309196,4.0,11.98676586151123,0.5571644708700829,460.892578125,-14.003565788269043,460.892578125,-6.071616425508989,0.0,-7.9319493627600535,0.0,0,9.278742440081418,9.278742440081418,0.0,0.0,0.0,0.0,0.0,0.0,0.0,72.0955524937518,72.0955524937518,21.874064122484192,0.0,0.0,0.010577632953401682,1.0,459.0453293748709,-0.47526189628853294,2,2,3,38.718295916997306,0.7732726777537975,1.573691416139468,9.332493873368918,212.80087280273438,367.312744140625,7.996909475205641,9.332493873368918,0.0,0,4.17170015894701,38.41125871986151
GT+smooth-jitter_controlled_forward3x6_SoftMS_local_prior_3frame_causal_heading_continuous_waypoint_RNN_polynomial_Kalman,1,controlled_gt_jitter,8.0,219.90418776721995,376.3774399715513,5.559461204719947,-1.9754042667299172,0,1,6,220.55370350783244,375.3687836815483,215.7242332703207,377.90715745575454,7411,220.75181579589844,375.3020324707031,220.164794921875,375.31610107421875,0.9440913200378418,1,0.392460629039973,6.7789931781589985,58,/yh/study/cvpr_data/Bearing_UAV_90K/citya/uav_254k_34bc_b15_s100/blk_3_8_s_097_v3d.jpg,214.3447265625,378.35284423828125,470.02539112538835,1.4497156497193862,2,11.044735995186453,11.044735995186453,1,11.044735995186453,103.70276701589776,12.000000000000002,470.02539112538835,-4.408335343154073,219.9190753259895,376.55190079161537,5.858050992873454,8.282919485487179,1,0.0,0,0,0.5730429285826414,1.0,469.85479736328125,-4.447803497314453,1,1,6,18,1,72.0955524937518,228.75181579589844,367.3020324707031,223.9017791748047,372.9496765136719,8,223.9017791748047,372.9496765136719,467.822021484375,-9.30559253692627,0.7444006204605103,0.1193869411945343,4.0,14.052153587341309,1,467.822021484375,-9.30559253692627,10.978683526027455,4.0,14.052153587341309,0.5730429285826414,467.822021484375,-9.30559253692627,467.822021484375,-6.7038561753154315,0.0,-2.601736361610838,0.0,0,10.911157115571537,10.911157115571537,0.0,0.0,0.0,0.0,0.0,0.0,0.0,72.0955524937518,72.0955524937518,31.607214522145956,0.0,0.0,0.03603239294418448,1.0,468.9249822114841,-5.022077376519829,2,2,3,28.838643080384088,0.8311261338348556,1.1004089139042321,11.044735995186453,220.164794921875,375.31610107421875,10.875710146159271,11.044735995186453,0.0,0,6.564678571893549,40.25360895320773
GT+smooth-jitter_controlled_forward3x6_SoftMS_local_prior_3frame_causal_heading_continuous_waypoint_RNN_polynomial_Kalman,1,controlled_gt_jitter,8.0,213.2910478109863,379.6397666586819,5.633424519970662,-1.7822609292087657,0,1,6,221.47554359825853,376.2731773882077,215.99007611847588,378.7300043667111,7411,220.75181579589844,375.3020324707031,220.53375244140625,375.38177490234375,0.9680677652359009,1,1.296753243654947,12.748390901833773,59,/yh/study/cvpr_data/Bearing_UAV_90K/citya/uav_254k_34bc_b15_s100/blk_4_8_s_038_v3d.jpg,207.65762329101562,381.4220275878906,470.89011620238455,8.756526659881768,2,7.357801070769477,7.357801070769477,1,7.357801070769477,155.34627164568255,12.000000000000002,470.89011620238455,-5.375955091367454,221.10567662325056,377.07727189593777,14.132481751249207,7.704509612063756,1,0.0,0,0,0.4159959588559932,1.0,470.9260559082031,2.8480045795440674,1,1,6,18,1,72.0955524937518,228.75181579589844,367.3020324707031,223.1268310546875,374.1024475097656,11,223.1268310546875,374.1024475097656,468.68072509765625,-8.213777542114258,0.7442881464958191,0.06162998080253601,4.0,30.00601577758789,1,468.68072509765625,-8.213777542114258,17.11352195668492,4.0,30.00601577758789,0.4159959588559932,468.68072509765625,-8.213777542114258,468.68072509765625,-7.412348423479843,0.0,-0.8014291186344149,0.0,0,6.9128122186429195,6.9128122186429195,0.0,0.0,0.0,0.0,0.0,0.0,0.0,72.0955524937518,72.0955524937518,83.25071915193074,0.0,0.0,0.03163577486903427,1.0,469.1009042802326,-5.352976346972298,2,2,3,28.662721011635597,0.8321563015792435,1.7892119221519351,7.357801070769477,220.53375244140625,375.38177490234375,0.3747568584018774,7.357801070769477,0.0,0,14.222494661724976,71.06486428529024
GT+smooth-jitter_controlled_forward3x6_SoftMS_local_prior_3frame_causal_heading_continuous_waypoint_RNN_polynomial_Kalman,1,controlled_gt_jitter,8.0,216.81543333167716,392.6640489176865,5.700305768200593,-1.5862562580947386,0,1,6,225.40088030133074,388.63823676236495,220.06966426498812,391.35730101067753,7650,228.75181579589844,391.3020324707031,220.80178833007812,391.29022216796875,0.9928667545318604,1,5.308923954209161,9.103001095354557,60,/yh/study/cvpr_data/Bearing_UAV_90K/citya/uav_254k_34bc_b15_s100/blk_4_7_s_080_v3d.jpg,211.11512756347656,394.25030517578125,484.16006947961534,9.410271018308944,2,13.286046878814727,13.286046878814727,1,13.286046878814727,74.91594928268431,-12.000000000000002,483.2118350664523,-5.975112772524102,225.463889405975,388.6180572692349,15.414576961225217,8.39365001423497,1,0.0,0,0,0.22829440244937277,1.0,484.403076171875,3.4983644485473633,1,1,6,18,1,72.0955524937518,228.75181579589844,399.3020324707031,220.09434509277344,393.2817077636719,7,220.09434509277344,393.2817077636719,485.9988708496094,0.5681357383728027,0.862339973449707,0.012476116418838501,4.0,29.858840942382812,1,485.9988708496094,0.5681357383728027,9.031309250988095,4.0,29.858840942382812,0.22829440244937277,485.9988708496094,0.5681357383728027,485.9988708496094,-4.248427008482636,0.0,4.816562746855439,0.0,1,12.97316312850955,12.97316312850955,0.0,0.0,0.0,0.0,0.0,0.0,0.0,72.0955524937518,72.0955524937518,2.820396788932509,0.0,0.0,0.005684425923220895,1.0,484.3213164838509,-0.7172897750896163,2,2,3,13.442308808017287,0.9212842763694477,0.1612470042355767,13.286046878814727,220.80178833007812,391.29022216796875,15.91070512707679,13.286046878814727,2.6246582482620635,0,10.12884436746652,46.51993000879884
GT+smooth-jitter_controlled_forward3x6_SoftMS_local_prior_3frame_causal_heading_continuous_waypoint_RNN_polynomial_Kalman,1,controlled_gt_jitter,8.0,230.76803136775115,399.76153838771666,5.759989985915215,-1.3876620517364977,0,1,6,229.21659660793418,399.78951336640597,223.4009473830354,401.668415423681,7769,228.75181579589844,399.3020324707031,227.8837127685547,399.33349609375,0.9234898686408997,1,1.4087338578452646,11.869835667312145,61,/yh/study/cvpr_data/Bearing_UAV_90K/citya/uav_254k_34bc_b15_s100/blk_3_8_s_072_v3d.jpg,225.00804138183594,401.1492004394531,494.9959601975321,-1.6888858223182126,2,15.511537970925872,15.511537970925872,1,15.511537970925872,26.407917171421886,-12.000000000000002,494.9959601975321,-5.908951373290223,229.02373144915074,399.85182364847446,4.220065550972033,8.621408045207923,1,0.0,0,0,0.21170423261307605,1.0,495.4462890625,-7.596532344818115,1,1,6,18,1,72.0955524937518,220.75181579589844,399.3020324707031,230.98965454101562,401.48681640625,6,230.98965454101562,401.48681640625,497.1561584472656,-7.277019500732422,0.8541287183761597,0.0026675015687942505,4.0,25.41961097717285,1,497.1561584472656,-7.277019500732422,5.991134657640321,4.0,25.41961097717285,0.21170423261307605,497.1561584472656,-7.277019500732422,497.1561584472656,-7.277019500732422,0.0,0.0,0.0,0,15.020614933251803,15.020614933251803,0.0,0.0,0.0,0.0,0.0,0.0,0.0,72.0955524937518,72.0955524937518,45.68763532232992,0.0,0.0,0.011134165104906609,1.0,494.1522584711952,-4.9834928690499085,2,2,3,3.6113668206730267,0.9788524905472267,0.8437017263369171,15.511537970925872,227.8837127685547,399.33349609375,10.716711678376166,15.511537970925872,0.0,0,3.400921668518426,68.12341185286641
GT+smooth-jitter_controlled_forward3x6_SoftMS_local_prior_3frame_causal_heading_continuous_waypoint_RNN_polynomial_Kalman,1,controlled_gt_jitter,8.0,237.20839971357472,402.3130619784977,5.812373102246596,-1.1867549160336066,0,1,6,230.16693326771937,402.5038962457225,224.26652356536283,404.41646728615535,7769,228.75181579589844,399.3020324707031,228.6563720703125,404.88897705078125,0.8589105606079102,1,2.823190673293423,22.365776356309652,62,/yh/study/cvpr_data/Bearing_UAV_90K/citya/uav_254k_34bc_b15_s100/blk_4_8_s_062_v3d.jpg,231.39602661132812,403.49981689453125,497.8789904450559,-7.188189036391086,3,6.806743201494706,6.806743201494706,1,6.806743201494706,20.202334571671408,-6.2055825997504765,497.8789904450559,-6.111632257253211,230.0821966223914,402.53763899659555,1.6284764496625246,9.341063076341854,1,0.0,0,0,0.20683336897268884,1.0,497.76361083984375,-13.104445457458496,1,1,6,18,1,72.09627925183527,244.75181579589844,399.3020324707031,235.65370178222656,401.6748352050781,6,235.65370178222656,401.6748352050781,497.76361083984375,-11.643828392028809,0.8788648843765259,0.004406645894050598,4.0,19.89315414428711,1,497.76361083984375,-11.643828392028809,4.81705588229926,4.0,19.89315414428711,0.20683336897268884,497.76361083984375,-11.643828392028809,497.76361083984375,-7.802907316058148,0.0,-3.840921075970661,0.0,0,6.492846165177032,6.492846165177032,0.0,0.0,0.0,0.0,0.0,0.0,0.0,72.16495481020576,72.16495481020576,51.96262023853435,0.0,0.0,0.0016637055032409675,1.0,498.9074436646296,-4.293753526836868,3,3,4,175.29668151317748,0.006482742757478271,1.0284532195737484,6.806743201494706,228.6563720703125,404.88897705078125,5.608954542562252,6.806743201494706,0.0,0,3.0717214951587097,83.03900575265288
GT+smooth-jitter_controlled_forward3x6_SoftMS_local_prior_3frame_causal_heading_continuous_waypoint_RNN_polynomial_Kalman,1,controlled_gt_jitter,8.0,239.43660103947727,414.3676246211384,5.857362147875699,-0.9838158085490796,0,1,6,231.89193093166114,414.7684835915099,225.80102728386325,416.3514962078253,8007,228.75181579589844,415.3020324707031,228.74850463867188,415.302734375,0.9991919994354248,1,3.188503216105639,12.02846085652709,63,/yh/study/cvpr_data/Bearing_UAV_90K/citya/uav_254k_34bc_b15_s100/blk_3_8_s_067_v3d.jpg,233.57923889160156,415.3514404296875,509.91226169701343,-7.8422373959312015,3,12.05103299637862,12.05103299637862,1,12.05103299637862,79.56243828217623,12.000000000000002,509.70978523094766,-6.20150869640767,231.82615392782014,414.7924559642506,1.8400463371437825,10.174672177428814,1,0.0,0,0,0.19086127042114423,1.0,509.68341064453125,-13.777236938476562,1,1,6,18,1,77.34887656190391,244.75181579589844,423.3020324707031,242.25160217285156,413.8275146484375,7,242.25160217285156,413.8275146484375,509.5066833496094,-16.638132095336914,0.8991092443466187,0.006998151540756226,4.0,34.56036376953125,1,509.5066833496094,-16.638132095336914,8.944272035850432,4.0,34.56036376953125,0.19086127042114423,509.5066833496094,-16.638132095336914,509.5066833496094,-7.866429792602558,0.0,-8.771702302734356,0.0,0,11.83695035666833,11.83695035666833,0.0,0.0,0.0,0.0,0.0,0.0,0.0,77.04287511687441,77.04287511687441,2.519563165301809,0.0,0.0,0.0010788831328664235,1.0,509.24792963982134,-3.057153423838517,3,3,4,164.95619553798576,0.06508882232467733,0.6643320571920981,12.05103299637862,228.74850463867188,415.302734375,10.414164873760745,12.05103299637862,0.0,0,4.8309797869781415,75.33778203651309
GT+smooth-jitter_controlled_forward3x6_SoftMS_local_prior_3frame_causal_heading_continuous_waypoint_RNN_polynomial_Kalman,1,controlled_gt_jitter,8.0,236.49552241669312,417.08222906934594,5.894875444036878,-0.7791295732321896,0,1,6,232.32004646965868,417.18917915847055,226.0700460609535,418.4438644740828,8007,228.75181579589844,415.3020324707031,228.7503662109375,415.4296569824219,0.9855667948722839,1,3.9797657515877445,9.74907586351037,64,/yh/study/cvpr_data/Bearing_UAV_90K/citya/uav_254k_34bc_b15_s100/blk_3_9_s_024_v3d.jpg,230.60064697265625,417.8613586425781,512.021853141836,-4.567894226540134,3,3.8950865529544254,3.8950865529544254,1,3.8950865529544254,139.88074908690086,12.000000000000002,512.021853141836,-6.270158579046466,232.22214280210605,417.2328342127391,1.7390490745886356,10.954192391326563,1,0.0,0,0,0.23840537426891353,1.0,512.0007934570312,-10.513998985290527,1,1,6,18,1,78.86380178260951,244.75181579589844,423.3020324707031,240.19020080566406,416.2481384277344,8,240.19020080566406,416.2481384277344,511.6446838378906,-14.28487777709961,0.9059317708015442,0.023211628198623657,4.0,20.580318450927734,1,511.6446838378906,-14.28487777709961,9.780069509235224,4.0,20.580318450927734,0.23840537426891353,511.6446838378906,-14.28487777709961,511.6446838378906,-8.013527446590174,0.0,-6.271350330509436,0.0,0,3.7691178907028804,3.7691178907028804,0.0,0.0,0.0,0.0,0.0,0.0,0.0,77.12637462854153,77.12637462854153,62.75437445835934,0.0,0.0,0.001480413783414939,1.0,509.3740534134968,-3.0428144057438002,3,3,4,164.83007176431028,0.06580364558666663,2.64779972833918,3.8950865529544254,228.7503662109375,415.4296569824219,0.1269362585161054,3.8950865529544254,0.0,0,3.055603354690065,55.142806842923164
GT+smooth-jitter_controlled_forward3x6_SoftMS_local_prior_3frame_causal_heading_continuous_waypoint_RNN_polynomial_Kalman,1,controlled_gt_jitter,8.0,223.58834069597577,425.13590835560933,5.924842771171095,-0.5729844666563046,0,1,6,233.02271138815075,423.3837001074224,226.85222583616473,424.52748494794787,8127,236.75181579589844,423.3020324707031,228.7581787109375,423.3092956542969,0.9981222152709961,1,4.265181705116975,9.093217086046934,65,/yh/study/cvpr_data/Bearing_UAV_90K/citya/uav_254k_34bc_b15_s100/blk_3_9_s_023_v3d.jpg,217.6634979248047,425.7088928222656,518.1555504991222,9.264364262835686,3,15.131213374600536,15.131213374600536,1,15.131213374600536,148.75945451148667,8.878705424585808,518.1555504991222,-6.3731634918784215,233.16384932387,423.6439568818068,15.637290492048326,10.38222873576167,1,0.0,0,0,0.24871490658834466,1.0,518.3427734375,3.3148252964019775,1,1,6,18,1,82.0312730134971,244.75181579589844,423.3020324707031,232.64755249023438,422.7723388671875,12,232.64755249023438,422.7723388671875,517.1537475585938,-5.971831798553467,0.8689014315605164,0.027788057923316956,5.643950939178467,48.19505310058594,1,517.1537475585938,-5.971831798553467,15.27547572980128,5.643950939178467,48.19505310058594,0.24871490658834466,517.1537475585938,-5.971831798553467,517.1537475585938,-5.971831798553467,0.0,0.0,0.0,0,14.413202617043382,14.413202617043382,0.0,0.0,0.0,0.0,0.0,0.0,0.0,81.67188283841021,81.67188283841021,67.08757167307645,0.0,0.0,0.0021135656018940116,1.0,517.1903572083719,-2.045737868719044,3,3,4,157.0137679694352,0.11010358692625685,0.9651932907503351,15.131213374600536,228.7581787109375,423.3092956542969,7.879642544840741,15.131213374600536,0.0,0,11.351211755346133,57.37499101087451
GT+smooth-jitter_controlled_forward3x6_SoftMS_local_prior_3frame_causal_heading_continuous_waypoint_RNN_polynomial_Kalman,1,controlled_gt_jitter,8.0,240.76522919847739,430.5697836455663,5.947205516836749,-0.3656716766993096,0,1,6,234.12428258577017,431.0246506060204,227.79224811307773,431.838769323938,8246,236.75181579589844,431.3020324707031,228.7943115234375,431.3031921386719,0.9948986172676086,1,5.337244318064852,13.574026059359312,66,/yh/study/cvpr_data/Bearing_UAV_90K/citya/uav_254k_34bc_b15_s100/blk_4_8_s_027_v3d.jpg,234.81802368164062,430.9354553222656,525.5270171854534,-7.083607733735159,3,17.93306191112811,17.93306191112811,1,17.93306191112811,16.94469052719654,-12.000000000000002,525.5270171854534,-6.266481312769028,234.0075684643775,431.0396567073423,0.8171264209661327,11.078470974109958,1,0.0,0,0,0.2585487311864205,1.0,525.9227294921875,-13.028889656066895,1,1,6,18,1,82.67359333983046,244.75181579589844,439.3020324707031,243.01329040527344,432.2965087890625,5,243.01329040527344,432.2965087890625,527.9220581054688,-15.038402557373047,0.8264618515968323,0.011659890413284302,4.0,14.10338020324707,1,527.9220581054688,-15.038402557373047,8.307525606022766,4.0,14.10338020324707,0.2585487311864205,527.9220581054688,-15.038402557373047,527.9220581054688,-8.043086719226622,0.0,-6.995315838146426,0.0,0,17.10950983322314,17.10950983322314,0.0,0.0,0.0,0.0,0.0,0.0,0.0,82.67359333983046,82.67359333983046,65.72890281263392,0.0,0.0,0.004496093921997171,1.0,525.1235974448922,-1.0621800754509283,3,3,4,149.0805277329149,0.1550662811016236,0.40341974056116214,17.93306191112811,228.7943115234375,431.3031921386719,7.993978145019046,17.93306191112811,0.0,0,6.034926555561778,73.3709130436182
GT+smooth-jitter_controlled_forward3x6_SoftMS_local_prior_3frame_causal_heading_continuous_waypoint_RNN_polynomial_Kalman,1,controlled_gt_jitter,8.0,235.33829009354653,442.5170146771086,5.961916802530902,-0.15748483461016474,0,1,6,235.27093188074633,441.9166276930391,229.18851877312892,442.69865223544707,8365,236.75181579589844,439.3020324707031,229.24285888671875,439.99932861328125,0.894422173500061,1,6.32563829052571,9.055481757968664,67,/yh/study/cvpr_data/Bearing_UAV_90K/citya/uav_254k_34bc_b15_s100/blk_4_9_s_025_v3d.jpg,229.37637329101562,442.67449951171875,536.4762924403644,-0.18940082881009565,3,12.93896122011819,12.93896122011819,1,12.93896122011819,114.87014710418752,12.000000000000002,536.4762924403644,-6.384156158039163,235.52055324582136,441.88453351752946,6.19475532922908,11.20161544883182,1,0.0,0,0,0.14800558138209352,1.0,537.0803833007812,-6.122725963592529,1,1,6,18,1,82.67359333983046,220.75181579589844,455.3020324707031,233.54559326171875,446.3337707519531,7,233.54559326171875,446.3337707519531,540.6373291015625,-3.857945680618286,0.9357211589813232,0.015982381999492645,4.0,111.89524841308594,1,540.6373291015625,-3.857945680618286,5.547291900158402,4.0,111.89524841308594,0.14800558138209352,540.6373291015625,-3.857945680618286,540.6373291015625,-4.7899469487587085,0.0,0.9320012681404224,0.0,0,12.653844322508736,12.653844322508736,0.0,0.0,0.0,0.0,0.0,0.0,0.0,82.67359333983046,82.67359333983046,32.19655376435706,0.0,0.0,0.02109341380655691,1.0,533.8059362487427,-0.3981189206693754,3,3,4,140.39818892906442,0.20427459103875958,2.6703561916217495,12.93896122011819,229.24285888671875,439.99932861328125,8.707696843720395,12.93896122011819,0.0,0,2.678500593989415,54.03867410495877
GT+smooth-jitter_controlled_forward3x6_SoftMS_local_prior_3frame_causal_heading_continuous_waypoint_RNN_polynomial_Kalman,1,controlled_gt_jitter,8.0,233.802925964118,457.77234981451306,5.968941589118006,0.05128047857554688,0,1,6,236.2748250652156,456.5476107337946,231.06653633728482,457.3054555122152,8603,236.75181579589844,455.3020324707031,235.2244873046875,455.31903076171875,0.8918555974960327,1,1.6163595388950758,12.584317941218615,68,/yh/study/cvpr_data/Bearing_UAV_90K/citya/uav_254k_34bc_b15_s100/blk_4_9_s_054_v3d.jpg,227.833984375,457.7210693359375,551.2033305654418,3.2591604807588865,3,15.125416590736869,15.125416590736869,1,15.125416590736869,95.85281426192124,-12.000000000000002,551.1416757038423,-6.132480052690298,237.14108710951504,456.46227947235127,9.391842909221001,7.908497320414627,1,0.0,0,0,0.48480801839779214,1.0,552.015380859375,-2.654510021209717,1,1,6,18,1,82.67359333983046,236.75181579589844,455.3020324707031,235.72528076171875,457.47564697265625,11,235.72528076171875,457.47564697265625,551.9662475585938,-4.599006175994873,0.8298018574714661,0.15273356437683105,5.379619598388672,74.23493194580078,1,551.9662475585938,-4.599006175994873,7.895114029813408,5.379619598388672,74.23493194580078,0.48480801839779214,551.9662475585938,-4.599006175994873,551.9662475585938,-4.599006175994873,0.0,0.0,0.0,1,14.66538326347792,14.66538326347792,0.0,0.0,0.0,0.0,0.0,0.0,0.0,82.67359333983046,82.67359333983046,13.17922092209078,0.0,0.0,0.011760249748558207,1.0,549.7633525857003,-4.377316867051067,3,3,4,124.44077259210678,0.2947153704928725,1.4399779797414567,15.125416590736869,235.2244873046875,455.31903076171875,16.44606799352027,15.125416590736869,1.320651402783401,0,7.771056740608343,67.30420095846057
GT+smooth-jitter_controlled_forward3x6_SoftMS_local_prior_3frame_causal_heading_continuous_waypoint_RNN_polynomial_Kalman,1,controlled_gt_jitter,8.0,226.3335521707651,459.50220955451596,5.968256760608861,0.26032723029718796,0,1,6,235.52330195087225,457.1492126078616,231.13743542912678,457.8568928932083,8603,236.75181579589844,455.3020324707031,235.13909912109375,455.3449401855469,0.8859120607376099,1,1.8447251254144352,9.243741165846586,69,/yh/study/cvpr_data/Bearing_UAV_90K/citya/uav_254k_34bc_b15_s100/blk_3_8_s_006_v3d.jpg,220.36529541015625,459.24188232421875,551.7593070634887,10.860810113077077,3,7.621954276883571,7.621954276883571,1,7.621954276883571,168.49048978616153,12.000000000000002,551.7593070634887,-5.262408775210806,236.3568807166726,457.1858213562381,16.12321888828789,6.917447897826826,1,0.0,0,0,0.5266946749136344,1.0,552.778564453125,4.9744768142700195,1,1,6,18,1,82.67359333983046,236.75181579589844,455.3020324707031,233.15863037109375,457.2095642089844,7,233.15863037109375,457.2095642089844,551.375,-2.0872418880462646,0.7553713917732239,0.2173488289117813,5.432978630065918,72.523681640625,1,551.375,-2.0872418880462646,12.95375399422274,5.432978630065918,72.523681640625,0.5266946749136344,551.375,-2.0872418880462646,551.375,-3.0433625616033098,0.0,0.9561206735570451,0.0,0,7.063675055307258,7.063675055307258,0.0,0.0,0.0,0.0,0.0,0.0,0.0,82.67359333983046,82.67359333983046,85.81689644633106,0.0,0.0,0.024759644626521828,1.0,549.7781616292066,-4.2893217968994986,3,3,4,124.42596354860052,0.29479930271657306,1.981145434282098,7.621954276883571,235.13909912109375,455.3449401855469,0.08923250607567496,7.621954276883571,0.0,0,15.27911758320706,56.52125319465995
GT+smooth-jitter_controlled_forward3x6_SoftMS_local_prior_3frame_causal_heading_continuous_waypoint_RNN_polynomial_Kalman,1,controlled_gt_jitter,8.0,236.14408580521894,475.92416090521647,5.95985118607832,0.4693574384196066,0,1,6,237.69003057617894,474.48977255803476,233.34772942546323,475.04806842026966,8841,236.75181579589844,471.3020324707031,236.65785217285156,472.5166931152344,0.8973652124404907,1,2.226754307034552,7.257595658302307,70,/yh/study/cvpr_data/Bearing_UAV_90K/citya/uav_254k_34bc_b15_s100/blk_4_9_s_098_v3d.jpg,230.18423461914062,475.4548034667969,569.0919905127552,3.1895348857950334,3,18.954429011848063,18.954429011848063,1,18.954429011848063,58.79988326071782,-12.000000000000002,569.0919905127552,-4.440303945138596,237.75178173149038,474.48183312378046,7.629838830933628,7.553709798632631,1,0.0,0,0,0.2988288529624453,1.0,570.3175048828125,-2.6618053913116455,1,1,6,18,1,82.67359333983046,220.75181579589844,487.3020324707031,227.43186950683594,481.1412353515625,8,227.43186950683594,481.1412353515625,574.3809814453125,6.644572734832764,0.7911720275878906,0.022303327918052673,4.0,21.108095169067383,1,574.3809814453125,6.644572734832764,6.31749251071627,4.0,21.108095169067383,0.2988288529624453,574.3809814453125,6.644572734832764,574.3809814453125,-2.5972363377505614,0.0,9.241809072583324,0.0,0,18.18807469090022,18.18807469090022,0.0,0.0,0.0,0.0,0.0,0.0,0.0,82.67359333983046,82.67359333983046,23.873710079112637,0.0,0.0,0.017999791237803722,1.0,567.0033945452581,-3.6059035514382587,3,3,4,107.20073063254904,0.3924256012545326,2.088595967497099,18.954429011848063,236.65785217285156,472.5166931152344,17.238785035798053,18.954429011848063,0.0,0,7.109164273645187,46.92984325811267
GT+smooth-jitter_controlled_forward3x6_SoftMS_local_prior_3frame_causal_heading_continuous_waypoint_RNN_polynomial_Kalman,1,controlled_gt_jitter,8.0,238.17048662381472,473.67712663095534,5.943725759556905,0.6780726758772172,0,1,6,237.25127058822426,474.5461845564861,233.34772942546323,475.04806842026966,8841,236.75181579589844,471.3020324707031,236.6329803466797,472.36749267578125,0.902452826499939,1,2.264725399212541,6.736936047673225,71,/yh/study/cvpr_data/Bearing_UAV_90K/citya/uav_254k_34bc_b15_s100/blk_4_9_s_002_v3d.jpg,232.2267608642578,472.9990539550781,569.0919905127552,0.850522826908524,3,3.194153898342939,3.194153898342939,1,3.194153898342939,-50.24860797217818,-12.000000000000002,569.0919905127552,-4.378044489643252,237.69003057617894,474.48977255803476,5.66299901981236,7.5382402026305195,1,0.0,0,0,0.5161183674984617,1.0,568.3472290039062,-4.958208084106445,1,1,6,18,1,82.67359333983046,228.75181579589844,487.3020324707031,231.60409545898438,478.9989013671875,7,231.60409545898438,478.9989013671875,572.7882080078125,2.233215570449829,0.8042610883712769,0.15853652358055115,4.0,47.877716064453125,1,572.7882080078125,2.233215570449829,6.0320625439904205,4.0,47.877716064453125,0.5161183674984617,572.7882080078125,2.233215570449829,572.7882080078125,-2.1764491832707904,0.0,4.4096647537206195,0.0,0,2.938621586475504,2.938621586475504,0.0,0.0,0.0,0.0,0.0,0.0,0.0,82.67359333983046,82.67359333983046,132.92220131200864,0.0,0.0,0.05244451900768271,1.0,566.8522405131033,-3.600261084470501,3,3,4,107.35188466470379,0.3915689156735437,2.239749999651849,3.194153898342939,236.6329803466797,472.36749267578125,0.15125931002794368,3.194153898342939,0.0,0,4.451251484333501,55.24440295994282
GT+smooth-jitter_controlled_forward3x6_SoftMS_local_prior_3frame_causal_heading_continuous_waypoint_RNN_polynomial_Kalman,1,controlled_gt_jitter,8.0,249.48561302227063,481.8687490398964,5.9198934177784395,0.8861745770057401,0,1,6,238.21325877425812,481.6707479982064,234.26449232675867,482.17844654145637,8960,236.75181579589844,479.3020324707031,236.7236328125,480.1582946777344,0.924131453037262,1,2.1228519855493304,7.741225883364677,72,/yh/study/cvpr_data/Bearing_UAV_90K/citya/uav_254k_34bc_b15_s100/blk_5_9_s_005_v3d.jpg,243.5657196044922,480.9825744628906,576.2810618274863,-9.37778965963447,3,13.867537092483303,13.867537092483303,1,13.867537092483303,35.14856429999277,12.000000000000002,576.2810618274863,-3.935672880473687,238.1680334895197,481.6765626776728,5.442116779160782,8.327237567535315,1,0.0,0,0,0.18255052958378226,1.0,577.9149169921875,-15.136344909667969,1,1,6,18,1,82.67359333983046,260.7518005371094,495.3020324707031,253.76675415039062,487.1922607421875,8,253.76675415039062,487.1922607421875,583.7409057617188,-18.703670501708984,0.8929216861724854,0.011809855699539185,4.0,70.54856872558594,1,583.7409057617188,-18.703670501708984,11.942417050316,4.0,70.54856872558594,0.18255052958378226,583.7409057617188,-18.703670501708984,583.3688977438815,-5.5868812542869275,0.3720080178372429,-13.116789247422057,0.0,0,13.333259830263128,13.333259830263128,0.0,0.0,0.0,0.0,0.0,0.0,0.0,82.67359333983046,82.67359333983046,47.52502903983768,0.0,0.0,0.020598069200117735,1.0,574.590996817384,-2.696676796121423,3,3,4,99.61312836042305,0.4354293462962381,1.6900650101022165,13.867537092483303,236.7236328125,480.1582946777344,7.791329392548882,13.867537092483303,0.0,0,6.891559245437216,46.93119693547487
GT+smooth-jitter_controlled_forward3x6_SoftMS_local_prior_3frame_causal_heading_continuous_waypoint_RNN_polynomial_Kalman,1,controlled_gt_jitter,8.0,240.88049034176788,497.97578111603804,5.888379135713186,1.093365344553649,0,1,6,239.96934401725733,496.2424858386154,236.13609195417095,496.7353325324408,9198,236.75181579589844,495.3020324707031,236.76095581054688,495.32843017578125,0.995544970035553,1,3.336053452766885,10.102837346494198,73,/yh/study/cvpr_data/Bearing_UAV_90K/citya/uav_254k_34bc_b15_s100/blk_4_10_s_019_v3d.jpg,234.9921112060547,496.8824157714844,590.9577717762401,1.153397343185879,3,18.064100160490206,18.064100160490206,1,18.064100160490206,118.33470188971114,12.000000000000002,590.9577717762401,-3.9812704338835903,240.0848584016704,496.22763398919085,5.134667777069439,8.595832491510636,1,0.0,0,0,0.2267802555178408,1.0,592.7930908203125,-4.54748010635376,1,1,6,18,1,82.67359333983046,228.75181579589844,503.3020324707031,239.8779296875,500.6528625488281,7,239.8779296875,500.6528625488281,595.3204956054688,-3.2117183208465576,0.8869087100028992,0.0419565886259079,4.0,143.43914794921875,1,595.3204956054688,-3.2117183208465576,6.171514722537764,4.0,143.43914794921875,0.2267802555178408,595.3204956054688,-3.2117183208465576,595.3204956054688,-3.2117183208465576,0.0,0.0,0.0,0,17.36897214765099,17.36897214765099,0.0,0.0,0.0,0.0,0.0,0.0,0.0,82.67359333983046,82.67359333983046,35.661108549880694,0.0,0.0,0.03423720389692566,1.0,589.6420394143558,-0.7991729675543803,3,3,4,84.56208576345125,0.5207331320296816,1.3157323618842156,18.064100160490206,236.76095581054688,495.32843017578125,15.170181410757259,18.064100160490206,0.0,0,2.354502594284814,67.54597928375006
GT+smooth-jitter_controlled_forward3x6_SoftMS_local_prior_3frame_causal_heading_continuous_waypoint_RNN_polynomial_Kalman,1,controlled_gt_jitter,8.0,240.85001335689475,504.71911754346957,5.8492198998634946,1.299348256360173,0,1,6,241.06056873559777,502.64065532272224,236.96308171068026,503.1674750830688,9318,244.75181579589844,503.3020324707031,236.790771484375,503.3009033203125,0.99508136510849,1,4.3205434825808045,12.524275109171867,74,/yh/study/cvpr_data/Bearing_UAV_90K/citya/uav_254k_34bc_b15_s100/blk_4_10_s_003_v3d.jpg,235.00079345703125,503.4197692871094,597.4428600446424,1.978440687966497,3,6.537359281065755,6.537359281065755,1,6.537359281065755,89.92390559207746,-12.000000000000002,597.4428600446424,-3.8648052011415204,240.79633377376663,502.67462838924337,5.843245889108025,7.993719343369026,1,0.0,0,0,0.3484537813393831,1.0,599.4774780273438,-3.657329797744751,1,1,6,18,1,82.67359333983046,252.75181579589844,511.3020324707031,242.11288452148438,505.310546875,7,242.11288452148438,505.310546875,600.2251586914062,-4.834470272064209,0.8552246689796448,0.07590840756893158,4.0,98.47594451904297,1,600.2251586914062,-4.834470272064209,7.359139997927071,4.0,98.47594451904297,0.3484537813393831,600.2251586914062,-4.834470272064209,600.2251586914062,-4.834470272064209,0.0,0.0,0.0,1,6.533177600052684,6.533177600052684,0.0,0.0,0.0,0.0,0.0,0.0,0.0,82.67359333983046,82.67359333983046,7.250312252246999,0.0,0.0,0.029083340180461346,1.0,597.5532256434611,0.18791844821818812,3,3,4,76.65089953434597,0.565570832184802,0.11036559881870289,6.537359281065755,236.790771484375,503.3009033203125,7.9725288970738655,6.537359281065755,1.4351696160081104,0,1.7939204153016317,55.83921307697892
GT+smooth-jitter_controlled_forward3x6_SoftMS_local_prior_3frame_causal_heading_continuous_waypoint_RNN_polynomial_Kalman,1,controlled_gt_jitter,8.0,244.7877551866902,507.47385990896976,5.80246465934645,1.5038281706885253,0,1,6,241.80731571381438,505.6071999285922,237.3504355767581,506.18022737478515,9318,244.75181579589844,503.3020324707031,236.85751342773438,503.619140625,0.9557774066925049,1,5.334128088627258,7.899145595729351,75,/yh/study/cvpr_data/Bearing_UAV_90K/citya/uav_254k_34bc_b15_s100/blk_5_10_s_088_v3d.jpg,238.98529052734375,505.97003173828125,600.4804115896878,-1.6483121412704886,3,4.730756332045234,4.730756332045234,1,4.730756332045234,32.62112338836057,-12.000000000000002,600.4804115896878,-4.131215194014837,241.4479226016756,505.6534076144386,2.4829030527443297,8.216634869109438,1,0.0,0,0,0.5830633567120821,1.0,602.7119140625,-7.211633205413818,1,1,6,18,1,82.67359333983046,268.7518005371094,503.3020324707031,255.35472106933594,507.985595703125,7,255.35472106933594,507.985595703125,604.5669555664062,-17.627071380615234,0.6469530463218689,0.24900765717029572,4.0,79.7221450805664,1,604.5669555664062,-17.627071380615234,16.493046671327857,4.0,79.7221450805664,0.5830633567120821,604.5669555664062,-17.627071380615234,604.5669555664062,-6.443269732589773,0.0,-11.183801648025462,0.0,0,4.595299949085248,4.595299949085248,0.0,0.0,0.0,0.0,0.0,0.0,0.0,82.67359333983046,82.67359333983046,50.05246995146988,0.0,0.0,0.04328727812336055,1.0,597.8773758362053,0.16230357671564463,3,3,4,76.32674934160184,0.5674079965147244,2.6030357534825725,4.730756332045234,236.85751342773438,503.619140625,0.3251606819683935,4.730756332045234,0.0,0,3.170823932691129,42.00422205030918
GT+smooth-jitter_controlled_forward3x6_SoftMS_local_prior_3frame_causal_heading_continuous_waypoint_RNN_polynomial_Kalman,1,controlled_gt_jitter,8.0,247.01559979194542,514.7418513846706,5.748174254836032,1.7065120292017826,0,1,6,243.08601245838753,512.5909644240958,238.28117172103015,513.4192862746788,9437,244.75181579589844,511.3020324707031,239.22775268554688,511.33929443359375,0.8628999590873718,1,4.056210822904025,20.853105932474136,76,/yh/study/cvpr_data/Bearing_UAV_90K/citya/uav_254k_34bc_b15_s100/blk_5_9_s_010_v3d.jpg,241.26742553710938,513.0353393554688,607.7790582811222,-3.0108349491160653,3,7.424736488811281,7.424736488811281,1,7.424736488811281,72.09924489387366,12.000000000000002,607.7790582811222,-4.493566624651,242.73805185808644,512.8462588284858,1.4827316755349467,8.438652514078212,1,0.0,0,0,0.6299989938178581,1.0,610.2046508789062,-8.494462013244629,1,1,6,18,1,82.67359333983046,268.7518005371094,503.3020324707031,259.461181640625,509.3687744140625,7,259.461181640625,509.3687744140625,606.4625244140625,-21.52362060546875,0.6213328242301941,0.24585992097854614,4.0,29.41008186340332,1,606.4625244140625,-21.52362060546875,18.559539169418315,4.0,29.41008186340332,0.6299989938178581,606.4625244140625,-21.52362060546875,606.4625244140625,-6.883064964450465,0.0,-14.640555641018285,0.0,0,7.414649305021125,7.414649305021125,0.0,0.0,0.0,0.0,0.0,0.0,0.0,82.67359333983046,82.67359333983046,10.574348445956788,0.0,0.0,0.013956959362772334,1.0,605.8367576148363,-1.2040970488758778,3,3,4,68.3673675629708,0.6125188513568748,1.9423006662858597,7.424736488811281,239.22775268554688,511.33929443359375,8.075816303484133,7.424736488811281,0.6510798146728529,0,2.6527030965449327,62.384696677327156
GT+smooth-jitter_controlled_forward3x6_SoftMS_local_prior_3frame_causal_heading_continuous_waypoint_RNN_polynomial_Kalman,1,controlled_gt_jitter,8.0,243.18607037333595,518.136174297982,5.686421325484375,1.9071093565758372,0,1,6,243.69550227581658,515.4324552406679,238.62384532542902,516.0845254200034,9556,244.75181579589844,519.3020629882812,240.73178100585938,517.1495361328125,0.7405179738998413,1,3.425202265000553,11.329717934131622,77,/yh/study/cvpr_data/Bearing_UAV_90K/citya/uav_254k_34bc_b15_s100/blk_5_10_s_056_v3d.jpg,237.49964904785156,516.2290649414062,610.46623615036,1.1334500182038783,3,4.939233016499196,4.939233016499196,1,4.939233016499196,139.71398937786066,12.000000000000002,610.46623615036,-4.87124198373547,243.45531739507737,515.4633361539057,6.004692001939351,8.867269661409765,1,0.0,0,0,0.4304180702101317,1.0,613.0829467773438,-4.26334810256958,1,1,6,18,1,82.67359333983046,268.7518005371094,511.3020324707031,253.64710998535156,514.948974609375,10,253.64710998535156,514.948974609375,611.2557373046875,-15.045418739318848,0.6633154153823853,0.051580339670181274,4.0,36.72675323486328,1,611.2557373046875,-15.045418739318848,16.19812045719592,4.0,36.72675323486328,0.4304180702101317,611.2557373046875,-15.045418739318848,611.2557373046875,-6.931431799582187,0.0,-8.11398693973666,0.0,0,4.775775611232243,4.775775611232243,0.0,0.0,0.0,0.0,0.0,0.0,0.0,82.67359333983046,82.67359333983046,57.04039603803019,0.0,0.0,0.006445218830173622,1.0,611.7913595075395,-1.9549139979771528,3,3,4,62.41276567026762,0.6462673495562824,1.32512335717945,4.939233016499196,240.73178100585938,517.1495361328125,6.001750560598335,4.939233016499196,1.0625175440991388,0,3.36064639737421,66.9867699034512
GT+smooth-jitter_controlled_forward3x6_SoftMS_local_prior_3frame_causal_heading_continuous_waypoint_RNN_polynomial_Kalman,1,controlled_gt_jitter,8.0,251.29917495961425,530.6087507244986,5.61729019398924,2.1053327557485453,0,1,6,245.4475504627538,528.5335466648334,240.3093710231536,529.1941697356391,9675,244.75181579589844,527.3020629882812,244.5972442626953,527.3383178710938,0.9789626598358154,1,1.466830768439954,8.000234607607126,78,/yh/study/cvpr_data/Bearing_UAV_90K/citya/uav_254k_34bc_b15_s100/blk_5_10_s_057_v3d.jpg,245.681884765625,528.50341796875,623.6837915582322,-5.416737202089887,3,14.75156681783566,14.75156681783566,1,14.75156681783566,56.312085772186805,-12.000000000000002,623.6837915582322,-5.113403929007879,245.38102797354117,528.5420995563036,0.30333327308200325,9.71800422240212,1,0.0,0,0,0.26231115850894104,1.0,626.48828125,-10.719691276550293,1,1,6,18,1,82.67359333983046,268.7518005371094,519.3020629882812,261.1397399902344,530.1917114257812,9,261.1397399902344,530.1917114257812,627.3295288085938,-20.533096313476562,0.7913163304328918,0.021927177906036377,9.032227516174316,67.94078826904297,1,627.3295288085938,-20.533096313476562,15.549781763197712,9.032227516174316,67.94078826904297,0.26231115850894104,627.3295288085938,-20.533096313476562,627.3295288085938,-6.896217340547633,0.0,-13.63687897292893,0.0,0,14.321441472408807,14.321441472408807,0.0,0.0,0.0,0.0,0.0,0.0,0.0,82.67359333983046,82.67359333983046,26.36150756764365,0.0,0.0,0.006339262605263164,1.0,622.3898883526001,-4.489527542622888,3,3,4,51.81423682520699,0.7063359214086186,1.2939032056320912,14.75156681783566,244.5972442626953,527.3383178710938,10.897388655099082,14.75156681783566,0.0,0,1.591823877869084,49.861423671245575
GT+smooth-jitter_controlled_forward3x6_SoftMS_local_prior_3frame_causal_heading_continuous_waypoint_RNN_polynomial_Kalman,1,controlled_gt_jitter,8.0,242.0698989468187,541.9570263275003,5.5408767300218456,2.300898397812838,0,1,6,245.99704491185614,538.438810726037,241.57113079206258,539.0078568271533,9794,244.75181579589844,535.3020629882812,244.68492126464844,537.0528564453125,0.878691554069519,1,1.908543353927328,7.302827201783657,79,/yh/study/cvpr_data/Bearing_UAV_90K/citya/uav_254k_34bc_b15_s100/blk_3_10_s_061_v3d.jpg,236.52902221679688,539.6561279296875,633.5782593076663,5.083612328566056,3,14.427675915078458,14.427675915078458,1,14.427675915078458,129.3752149592803,12.000000000000002,633.5782593076663,-5.180473993295513,246.70931023166278,538.3472337563476,10.264086321861566,8.798108095317314,1,0.0,0,0,0.46567040236268614,1.0,636.5669555664062,-0.1186128631234169,1,1,6,18,1,82.67359333983046,244.75181579589844,559.3020629882812,243.8585205078125,548.9783935546875,12,243.8585205078125,548.9783935546875,643.7590942382812,-0.9972547292709351,0.8674939870834351,0.10891059041023254,6.248700141906738,28.76824951171875,1,643.7590942382812,-0.9972547292709351,11.858597896021179,6.248700141906738,28.76824951171875,0.46567040236268614,643.7590942382812,-0.9972547292709351,642.6713338949289,-3.0621178293970805,1.0877603433522953,2.0648631001261455,0.0,0,14.023461841872182,14.023461841872182,0.0,0.0,0.0,0.0,0.0,0.0,0.0,82.67359333983046,82.67359333983046,46.701621619449845,0.0,0.0,0.2527289328007794,1.0,632.0362959751839,-3.337673842879869,3,3,4,42.16782920262324,0.7610082195987717,1.5419633324823963,14.427675915078458,244.68492126464844,537.0528564453125,9.714934223485795,14.427675915078458,0.0,0,8.561291473843538,41.24661581590772
GT+smooth-jitter_controlled_forward3x6_SoftMS_local_prior_3frame_causal_heading_continuous_waypoint_RNN_polynomial_Kalman,1,controlled_gt_jitter,8.0,242.71845762586884,555.1905479899491,5.457288192275074,2.4935265055740903,0,1,6,247.08207539820148,551.1591338729611,243.23245720523536,551.929284485164,10032,244.75181579589844,551.3020629882812,244.75222778320312,551.3059692382812,0.9990230798721313,1,2.3344700755465335,9.80539619922638,80,/yh/study/cvpr_data/Bearing_UAV_90K/citya/uav_254k_34bc_b15_s100/blk_4_11_s_018_v3d.jpg,237.26116943359375,552.697021484375,646.6060487660627,6.020439996521382,3,13.06142964042426,13.06142964042426,1,13.06142964042426,86.78665004444031,-12.000000000000002,646.3447745768566,-4.462345712849204,247.62505318514076,551.1010972960286,10.486041218235282,8.189144371763215,1,0.0,0,0,0.5149270509356481,1.0,649.775146484375,0.9256851673126221,1,1,6,18,1,82.67359333983046,244.75181579589844,567.3020629882812,243.5785369873047,560.462646484375,8,243.5785369873047,560.462646484375,655.1138916015625,0.7449348568916321,0.8333698511123657,0.12684205174446106,4.545688629150391,26.842039108276367,1,655.1138916015625,0.7449348568916321,10.010711472808689,4.545688629150391,26.842039108276367,0.5149270509356481,655.1138916015625,0.7449348568916321,655.1138916015625,-2.262716078805384,0.0,3.0076509356970162,0.0,1,12.76651526919032,12.76651526919032,0.0,0.0,0.0,0.0,0.0,0.0,0.0,82.67359333983046,82.67359333983046,4.1130567046098525,0.0,0.0,0.25618331285628515,1.0,646.1816261972726,-1.5868490759220102,3,3,4,28.022498980534465,0.8411787599862288,0.424422568790078,13.06142964042426,244.75222778320312,551.3059692382812,14.253271710611896,13.06142964042426,1.1918420701876364,0,7.619119473312832,53.1301386654377
GT+smooth-jitter_controlled_forward3x6_SoftMS_local_prior_3frame_causal_heading_continuous_waypoint_RNN_polynomial_Kalman,1,controlled_gt_jitter,8.0,239.31380186291554,561.4829906579273,5.366643049438987,2.682941829802347,0,1,6,247.737349739993,557.02702428043,243.9504801657519,557.5139075114039,10151,244.75181579589844,559.3020629882812,244.75296020507812,559.2484130859375,0.9937302470207214,1,3.720369487207309,13.08331172913313,81,/yh/study/cvpr_data/Bearing_UAV_90K/citya/uav_254k_34bc_b15_s100/blk_3_10_s_030_v3d.jpg,233.94715881347656,558.800048828125,652.2366412142015,10.085662970943709,3,6.9447540740338445,6.9447540740338445,1,6.9447540740338445,118.50244440394465,12.000000000000002,652.2366412142015,-3.916399993144141,247.83490578936602,557.0144813597964,14.002062964087836,8.873320172662526,1,0.0,0,0,0.31037608662423455,1.0,655.58203125,5.1049675941467285,1,1,6,18,1,82.67359333983046,236.75181579589844,575.3020629882812,238.48785400390625,567.9215698242188,7,238.48785400390625,567.9215698242188,661.8627319335938,6.7452311515808105,0.784694254398346,0.023918375372886658,4.0,16.257110595703125,1,661.8627319335938,6.7452311515808105,10.189215243470972,4.0,16.257110595703125,0.31037608662423455,661.8627319335938,6.7452311515808105,660.2298206784969,-2.0542794502141537,1.6329112550968308,8.799510601794964,0.0,0,6.861457376720549,6.861457376720549,0.0,0.0,0.0,0.0,0.0,0.0,0.0,82.67359333983046,82.67359333983046,35.82885106411419,0.0,0.0,0.042931006899904194,1.0,654.0593195484622,-0.5747412386647992,3,3,4,20.144805629344887,0.8858266348011504,1.8226783342606723,6.9447540740338445,244.75296020507812,559.2484130859375,7.942443881426826,6.9447540740338445,0.9976898073929812,0,10.815099362577397,84.08289542421699
GT+smooth-jitter_controlled_forward3x6_SoftMS_local_prior_3frame_causal_heading_continuous_waypoint_RNN_polynomial_Kalman,1,controlled_gt_jitter,8.0,245.41436496990784,568.7106709922282,5.26907078045471,2.868874117228233,0,1,6,249.55355245341778,564.6321636696331,244.94191767528523,565.2250881411072,10271,252.75181579589844,567.3020629882812,244.82948303222656,567.177001953125,0.9778571128845215,1,5.365914068018606,12.591429986059666,82,/yh/study/cvpr_data/Bearing_UAV_90K/citya/uav_254k_34bc_b15_s100/blk_5_11_s_008_v3d.jpg,240.14529418945312,565.841796875,660.0112958714337,4.8361065463134265,3,9.380996625870836,9.380996625870836,1,9.380996625870836,48.6458169748871,-12.000000000000002,660.0112958714337,-3.81804091818257,248.7287872495263,564.7382049101334,8.654147464496004,7.702377914161585,1,0.0,0,0,0.5570077783173201,1.0,663.5286865234375,-0.024102529510855675,1,1,6,18,1,82.67359333983046,252.75181579589844,575.3020629882812,253.6253662109375,569.4091186523438,5,253.6253662109375,569.4091186523438,665.2684936523438,-8.079000473022461,0.7701303958892822,0.13950121402740479,4.0,18.184494018554688,1,665.2684936523438,-8.079000473022461,13.944106921151432,4.0,18.184494018554688,0.5570077783173201,665.2684936523438,-8.079000473022461,665.2684936523438,-6.087103752406148,0.0,-1.991896720616313,0.0,1,9.252489268379744,9.252489268379744,0.0,0.0,0.0,0.0,0.0,0.0,0.0,82.67359333983046,82.67359333983046,34.02777636494336,0.0,0.0,0.13175626261604254,1.0,661.932935958905,0.360428151964965,3,3,4,12.271189218902123,0.930451403012149,1.9216400874712463,9.380996625870836,244.82948303222656,567.177001953125,7.928958138870728,9.380996625870836,0.0,0,4.87076972514755,80.77444694936275
GT+smooth-jitter_controlled_forward3x6_SoftMS_local_prior_3frame_causal_heading_continuous_waypoint_RNN_polynomial_Kalman,1,controlled_gt_jitter,8.0,252.20470494057594,570.5491664795029,5.1647116544431295,3.051058569346689,0,1,6,250.50903635264117,567.0520880873194,245.26352911455032,567.7265104465025,10271,252.75181579589844,567.3020629882812,244.90493774414062,567.3037719726562,0.9832629561424255,1,5.609747408924583,14.669321943074465,83,/yh/study/cvpr_data/Bearing_UAV_90K/citya/uav_254k_34bc_b15_s100/blk_4_11_s_031_v3d.jpg,247.0399932861328,567.4981079101562,662.5333084542325,-1.7910870083627057,3,7.090856216208031,7.090856216208031,1,7.090856216208031,13.50817307707239,-12.000000000000002,662.5333084542325,-4.649595117400512,249.87516389268288,567.1335859750284,2.858508109037795,7.135928132310699,1,0.0,0,0,0.436300165640689,1.0,666.2180786132812,-6.524556636810303,1,1,6,18,1,82.67359333983046,252.75181579589844,575.3020629882812,253.4022216796875,574.2305908203125,9,253.4022216796875,574.2305908203125,670.0221557617188,-7.242834568023682,0.8667842745780945,0.09890003502368927,4.0,37.428977966308594,1,670.0221557617188,-7.242834568023682,9.263065661492012,4.0,37.428977966308594,0.436300165640689,670.0221557617188,-7.242834568023682,670.0221557617188,-6.71949039070765,0.0,-0.5233441773160323,0.0,0,6.725348725535289,6.725348725535289,0.0,0.0,0.0,0.0,0.0,0.0,0.0,82.67359333983046,82.67359333983046,69.16542026275808,0.0,0.0,0.25336397756565904,1.0,662.0682931158586,0.3017554030654859,3,3,4,12.135832061948463,0.9312185577019236,0.4650153383738598,7.090856216208031,244.90493774414062,567.3037719726562,0.1475264430601771,7.090856216208031,0.0,0,2.1438816721068252,51.48538667708635
GT+smooth-jitter_controlled_forward3x6_SoftMS_local_prior_3frame_causal_heading_continuous_waypoint_RNN_polynomial_Kalman,1,controlled_gt_jitter,8.0,259.7219446401613,572.9563481075206,5.053716490747235,3.229236291114407,0,1,6,250.95628706036047,570.204361384999,245.6695037150047,570.8840906722589,10271,252.75181579589844,567.3020629882812,245.3313751220703,568.30517578125,0.8687378168106079,1,5.936879674627602,8.063663728535175,84,/yh/study/cvpr_data/Bearing_UAV_90K/citya/uav_254k_34bc_b15_s100/blk_4_10_s_084_v3d.jpg,254.66822814941406,569.7271118164062,665.7168800740177,-9.072796785960001,3,7.947227538170608,7.947227538170608,1,7.947227538170608,16.288595756188382,2.7804226791159916,665.7168800740177,-5.288685252823201,250.91501095309556,570.2096683130758,3.784111533136793,7.88471836339057,1,0.0,0,0,0.1997265937125754,1.0,669.564208984375,-13.673456192016602,1,1,6,18,1,82.67359333983046,284.7518005371094,567.3020629882812,266.11456298828125,573.8078002929688,6,266.11456298828125,573.8078002929688,671.2239379882812,-19.905303955078125,0.8645232915878296,0.009259968996047974,4.0,57.604881286621094,1,671.2239379882812,-19.905303955078125,12.151991542132018,4.0,57.604881286621094,0.1997265937125754,671.2239379882812,-19.905303955078125,671.2239379882812,-6.96823413244895,0.0,-12.937069822629176,0.0,0,7.566135064699775,7.566135064699775,0.0,0.0,0.0,0.0,0.0,0.0,0.0,82.67359333983046,82.67359333983046,66.38499758364208,0.0,0.0,0.012929800505184047,1.0,663.1159012762686,0.006500314364104002,3,3,4,11.088223901538527,0.9371560162847726,2.6009787977491214,7.947227538170608,245.3313751220703,568.30517578125,1.0884201510269897,7.947227538170608,0.0,0,9.444507744837422,47.26991895586252
GT+smooth-jitter_controlled_forward3x6_SoftMS_local_prior_3frame_causal_heading_continuous_waypoint_RNN_polynomial_Kalman,1,controlled_gt_jitter,8.0,251.93948126285224,593.0946830489584,4.936246399570985,3.4031547286458714,0,1,6,254.18618329490843,588.6361293060346,248.42135213464394,589.4584131524173,10628,252.75181579589844,591.3020629882812,252.6776123046875,591.05908203125,0.9666222333908081,1,2.8542050278781437,7.60519877076149,85,/yh/study/cvpr_data/Bearing_UAV_90K/citya/uav_254k_34bc_b15_s100/blk_5_10_s_009_v3d.jpg,247.00323486328125,589.6915283203125,684.4968021192718,1.437149705785718,4,21.00403244969687,21.385276440062807,1,21.00403244969687,111.0034312582642,12.000000000000002,684.4968021192718,-5.330301121389865,253.69824282213585,588.7057281472847,6.767195397671628,7.793609578555382,1,0.0,0,0,0.5302283913293626,1.0,688.6555786132812,-2.881711006164551,1,1,6,18,1,81.8822042348623,276.7518005371094,583.3020629882812,261.24493408203125,592.4629516601562,15,261.24493408203125,592.4629516601562,689.5416259765625,-12.166400909423828,0.7813239693641663,0.1722569614648819,12.035325050354004,37.65264129638672,1,689.5416259765625,-12.166400909423828,14.552732276184482,12.035325050354004,37.65264129638672,0.5302283913293626,689.5416259765625,-12.166400909423828,689.5416259765625,-7.5551779670833135,0.0,-4.611222942340515,0.0,0,20.424454324857784,20.424454324857784,0.0,0.0,0.0,0.0,0.0,0.0,0.0,81.59872222881631,81.59872222881631,29.404709029447886,0.0,0.0,0.08654433815454506,1.0,686.766666541759,-3.940254686982782,4,4,5,172.38677601786486,0.06792423752512329,2.269864422487217,21.00403244969687,252.6776123046875,591.05908203125,23.91040464686987,21.385276440062807,2.5251282068070644,0,5.83684525234643,53.05243795737624
GT+smooth-jitter_controlled_forward3x6_SoftMS_local_prior_3frame_causal_heading_continuous_waypoint_RNN_polynomial_Kalman,1,controlled_gt_jitter,8.0,254.59637753303437,600.4286471966018,4.812472503737484,3.5725680950393346,0,1,6,255.35175035511853,595.9747229255341,249.64126132307464,596.8795273820374,10747,252.75181579589844,599.3020629882812,252.7442169189453,599.1495361328125,0.9825817942619324,1,4.108365796989164,7.619908079504967,86,/yh/study/cvpr_data/Bearing_UAV_90K/citya/uav_254k_34bc_b15_s100/blk_4_11_s_024_v3d.jpg,249.78390502929688,596.8560791015625,692.0175145082073,-0.14455811558692702,4,7.685240039795722,7.685240039795722,1,7.685240039795722,68.78801647541711,-12.000000000000002,692.0175145082073,-5.823180319239497,255.39269386602297,595.9682355877732,5.678624685604871,8.140423644981112,1,0.0,0,0,0.18232403266363456,1.0,696.3233642578125,-4.3138041496276855,1,1,6,18,1,80.99655619042758,252.75181579589844,599.3020629882812,256.1061096191406,602.4231567382812,8,256.1061096191406,602.4231567382812,698.536376953125,-5.480020046234131,0.9184183478355408,0.0073876529932022095,4.0,33.062068939208984,1,698.536376953125,-5.480020046234131,8.423937416027277,4.0,33.062068939208984,0.18232403266363456,698.536376953125,-5.480020046234131,698.536376953125,-5.480020046234131,0.0,0.0,0.0,1,7.672077827726906,7.672077827726906,0.0,0.0,0.0,0.0,0.0,0.0,0.0,80.77715533945587,80.77715533945587,11.989138864038765,0.0,0.0,0.07393142951790667,1.0,694.7607809991301,-2.6936521895599284,4,4,5,164.39266156049376,0.11114750847598452,2.7432664909227924,7.685240039795722,252.7442169189453,599.1495361328125,8.090728257958606,7.685240039795722,0.4054882181628843,0,3.744781921311836,49.269817769527435
GT+smooth-jitter_controlled_forward3x6_SoftMS_local_prior_3frame_causal_heading_continuous_waypoint_RNN_polynomial_Kalman,1,controlled_gt_jitter,8.0,247.9534191479901,607.1987245998939,4.682575642130741,3.737237783487691,0,1,6,256.01025303964775,601.3678669516543,250.52714772885358,602.2686696838592,10747,252.75181579589844,599.3020629882812,252.7516326904297,599.4840087890625,0.9801572561264038,1,3.763977704118566,7.477046921849251,87,/yh/study/cvpr_data/Bearing_UAV_90K/citya/uav_254k_34bc_b15_s100/blk_5_10_s_050_v3d.jpg,243.27084350585938,603.4614868164062,697.4789840424288,7.353690480863414,4,9.276388385972169,9.276388385972169,1,9.276388385972169,134.59667858100772,12.000000000000002,697.4789840424288,-5.781726047609097,256.2323935128064,601.3313721674376,13.13541651415515,8.353050397135522,1,0.0,0,0,0.24121312695520303,1.0,701.92626953125,3.33933162689209,1,1,6,18,1,80.67039056041573,268.7518005371094,599.3020629882812,255.45469665527344,605.1799926757812,9,255.45469665527344,605.1799926757812,701.1510620117188,-4.390056610107422,0.8521551489830017,0.018318668007850647,4.0,39.76709747314453,1,701.1510620117188,-4.390056610107422,12.304460668766852,4.0,39.76709747314453,0.24121312695520303,701.1510620117188,-4.390056610107422,701.1510620117188,-4.390056610107422,0.0,0.0,0.0,0,8.971194877832113,8.971194877832113,0.0,0.0,0.0,0.0,0.0,0.0,0.0,80.75754668324448,80.75754668324448,53.83913189776323,0.0,0.0,0.03006461263885025,1.0,695.0920270603615,-2.6467160801733565,4,4,5,164.0614154992624,0.11293851839113613,2.3869569820673178,9.276388385972169,252.7516326904297,599.4840087890625,0.3345548556599338,9.276388385972169,0.0,0,10.281327493094835,52.54379194229841
GT+smooth-jitter_controlled_forward3x6_SoftMS_local_prior_3frame_causal_heading_continuous_waypoint_RNN_polynomial_Kalman,1,controlled_gt_jitter,8.0,256.1339195173369,615.1607877473276,4.54674605542284,3.896932766858841,0,1,6,257.3891072257791,610.310112443943,251.99479363153776,611.1968489251882,10867,260.7518005371094,607.3020629882812,252.77134704589844,608.7378540039062,0.8953152298927307,1,4.878084222433904,6.896455306559801,88,/yh/study/cvpr_data/Bearing_UAV_90K/citya/uav_254k_34bc_b15_s100/blk_4_12_s_087_v3d.jpg,251.58717346191406,611.2638549804688,706.526987637751,0.41309080615323385,4,11.403433382343609,11.403433382343609,1,11.403433382343609,43.17368206178991,-12.000000000000002,706.526987637751,-5.556607725186927,257.4778141919927,610.2955304768942,5.969698531340115,9.098100569352166,1,0.0,0,0,0.18714652053789563,1.0,711.1098022460938,-3.441333532333374,1,1,6,18,1,80.66500153686178,260.7518005371094,607.3020629882812,253.00961303710938,614.21923828125,10,253.00961303710938,614.21923828125,709.6739501953125,-0.5111284852027893,0.933561384677887,0.01504659652709961,4.0,41.33546829223633,1,709.6739501953125,-0.5111284852027893,3.2798711311893047,4.0,41.33546829223633,0.18714652053789563,709.6739501953125,-0.5111284852027893,709.6739501953125,-3.897815966299399,0.0,3.38668748109661,0.0,0,11.214998999381892,11.214998999381892,0.0,0.0,0.0,0.0,0.0,0.0,0.0,80.66500153686178,80.66500153686178,37.49131947507187,0.0,0.0,0.007868615374072156,1.0,704.2265197218583,-1.1651345828674216,4,4,5,154.92692283776563,0.1623276850601818,2.300467915892682,11.403433382343609,252.77134704589844,608.7378540039062,9.25386621451262,11.403433382343609,0.0,0,2.789793542648112,52.775905933231115
GT+smooth-jitter_controlled_forward3x6_SoftMS_local_prior_3frame_causal_heading_continuous_waypoint_RNN_polynomial_Kalman,1,controlled_gt_jitter,8.0,246.764390208048,619.4608538110821,4.405183054727697,4.051429982957047,0,1,6,257.7463644948257,612.8800281007543,252.41553018591551,613.7563296309861,10986,260.7518005371094,615.3020629882812,252.78887939453125,615.2398681640625,0.98879474401474,1,5.4904921131020386,9.031354915350676,89,/yh/study/cvpr_data/Bearing_UAV_90K/citya/uav_254k_34bc_b15_s100/blk_4_12_s_072_v3d.jpg,242.3592071533203,615.409423828125,709.1208189220756,10.191288110956291,4,10.116377971546898,10.116377971546898,1,10.116377971546898,155.80849100385578,12.000000000000002,709.1208189220756,-5.466710230128222,257.8098437801569,612.8695931497409,15.65799834108449,9.96567023619685,1,0.0,0,0,0.1677503486074053,1.0,713.8331298828125,6.501612186431885,1,1,6,18,1,80.66500153686178,260.7518005371094,607.3020629882812,250.0669403076172,619.4608764648438,10,250.0669403076172,619.4608764648438,714.3688354492188,3.242802143096924,0.9158099889755249,0.008480623364448547,4.5025482177734375,59.98149490356445,1,714.3688354492188,3.242802143096924,8.707648058730078,4.5025482177734375,59.98149490356445,0.1677503486074053,714.3688354492188,3.242802143096924,714.3688354492188,-3.839922154926003,0.0,7.082724298022926,0.0,0,9.51457423656912,9.51457423656912,0.0,0.0,0.0,0.0,0.0,0.0,0.0,80.66500153686178,80.66500153686178,75.14348946699398,0.0,0.0,0.011595739014359367,1.0,710.6452703909224,-0.12776513541435194,4,4,5,148.5081721687015,0.1970331425332311,1.5244514688467916,10.116377971546898,252.78887939453125,615.2398681640625,6.502037797653976,10.116377971546898,0.0,0,10.431050387295695,48.611142206937075
GT+smooth-jitter_controlled_forward3x6_SoftMS_local_prior_3frame_causal_heading_continuous_waypoint_RNN_polynomial_Kalman,1,controlled_gt_jitter,8.0,259.76180255959906,627.7525776929917,4.258094673856861,4.200514704710538,0,1,6,259.16061947531705,622.9509268365703,254.06467325366,623.7886166264317,11105,260.7518005371094,623.3020629882812,254.27621459960938,623.3031005859375,0.8956667184829712,1,4.897084575497984,8.842869196087122,90,/yh/study/cvpr_data/Bearing_UAV_90K/citya/uav_254k_34bc_b15_s100/blk_4_11_s_048_v3d.jpg,255.5037078857422,623.5520629882812,719.2877484102189,-1.4583477966706413,4,15.462227265085366,15.462227265085366,1,15.462227265085366,31.777020823811874,-12.000000000000002,719.2877484102189,-5.402378994567144,259.3955075625702,622.9123150961999,3.9440311978965057,10.334669785629606,1,0.0,0,0,0.26465649274692815,1.0,724.1233520507812,-4.978700637817383,1,1,6,18,1,80.66500153686178,260.7518005371094,623.3020629882812,256.5147399902344,630.023681640625,11,256.5147399902344,630.023681640625,725.837646484375,-1.406251311302185,0.9390087127685547,0.04984060674905777,4.0,50.783775329589844,1,725.837646484375,-1.406251311302185,6.550105253018545,4.0,50.783775329589844,0.26465649274692815,725.837646484375,-1.406251311302185,725.837646484375,-3.615695781534712,0.0,2.209444470232527,0.0,0,14.975249083878538,14.975249083878538,0.0,0.0,0.0,0.0,0.0,0.0,0.0,80.66500153686178,80.66500153686178,48.887980713049906,0.0,0.0,0.05001661217838674,1.0,718.8429755493281,-0.2874937718251651,4,4,5,140.31046701029578,0.24135720533299823,0.4447728608907937,15.462227265085366,254.27621459960938,623.3031005859375,8.199261131433794,15.462227265085366,0.0,0,1.252486345347486,49.43149583414197
GT+smooth-jitter_controlled_forward3x6_SoftMS_local_prior_3frame_causal_heading_continuous_waypoint_RNN_polynomial_Kalman,1,controlled_gt_jitter,8.0,258.55879178831066,641.1476307969054,4.1056973058888095,4.343980894561656,0,1,6,261.0754137368301,635.7150494769616,256.1580592954361,636.5233817139031,11343,260.7518005371094,639.3020629882812,260.2928466796875,638.6849365234375,0.9015542268753052,1,3.071260371207637,10.012354236096144,91,/yh/study/cvpr_data/Bearing_UAV_90K/citya/uav_254k_34bc_b15_s100/blk_4_12_s_073_v3d.jpg,254.45309448242188,636.8036499023438,732.1934257249894,1.727847004531483,4,13.293169082810493,13.293169082810493,1,13.293169082810493,94.53304685690391,12.000000000000002,732.1934257249894,-5.164338493752968,261.2540055170931,635.6856919240416,6.892185498284435,10.859788204926891,1,0.0,0,0,0.27389023820655156,1.0,737.1458740234375,-1.6188554763793945,1,1,6,18,1,80.66500153686178,252.75181579589844,655.3020629882812,256.112060546875,641.97265625,11,256.112060546875,641.97265625,737.5630493164062,0.9292978644371033,0.8889975547790527,0.035083308815956116,4.517303466796875,24.487037658691406,1,737.5630493164062,0.9292978644371033,5.4286773934951675,4.517303466796875,24.487037658691406,0.27389023820655156,737.5630493164062,0.9292978644371033,737.5630493164062,-3.362419600712158,0.0,4.291717465149262,0.0,1,12.979715556185655,12.979715556185655,0.0,0.0,0.0,0.0,0.0,0.0,0.0,80.66500153686178,80.66500153686178,13.868045320042125,0.0,0.0,0.025487028939279666,1.0,734.9970444763748,-3.729411187368149,4,4,5,124.15639808324914,0.32870042538769856,2.8036187513853292,13.293169082810493,260.2928466796875,638.6849365234375,16.516680610679366,13.293169082810493,3.2235115278688724,0,6.135303177201191,59.067287016659975
GT+smooth-jitter_controlled_forward3x6_SoftMS_local_prior_3frame_causal_heading_continuous_waypoint_RNN_polynomial_Kalman,1,controlled_gt_jitter,8.0,259.05873473397406,646.9243805658097,3.9482153247943863,4.481631542372118,0,1,6,261.8372683559446,641.3369820732844,257.07794236131065,642.1193370313064,11343,260.7518005371094,639.3020629882812,260.68377685546875,639.4267578125,0.9787551760673523,1,2.2314791883769227,8.725197985768318,92,/yh/study/cvpr_data/Bearing_UAV_90K/citya/uav_254k_34bc_b15_s100/blk_4_11_s_011_v3d.jpg,255.1105194091797,642.4427490234375,737.8644838951423,1.9938275725914527,4,5.677292174253745,5.677292174253745,1,5.677292174253745,83.35028599074538,-11.182760866158524,737.8644838951423,-4.9833498480014935,261.9952968027047,641.3110047943649,6.977177420592937,11.387252329533718,1,0.0,0,0,0.23108168100805318,1.0,742.9271850585938,-1.1751506328582764,1,1,6,18,1,80.66500153686178,252.75181579589844,639.3020629882812,258.33966064453125,647.866455078125,12,258.33966064453125,647.866455078125,743.7401733398438,-0.31278863549232483,0.8825545310974121,0.020124152302742004,4.0,36.884239196777344,1,743.7401733398438,-0.31278863549232483,6.3122266104736084,4.0,36.884239196777344,0.23108168100805318,743.7401733398438,-0.31278863549232483,743.7401733398438,-3.252065074338206,0.0,2.939276438845881,0.0,1,5.676793453925672,5.676793453925672,0.0,0.0,0.0,0.0,0.0,0.0,0.0,80.66500153686178,80.66500153686178,2.685284453883602,0.0,0.0,0.02665843095310618,1.0,735.7924531462194,-3.994835894542664,4,4,5,123.36098941340452,0.3330011099271421,2.0720307489228844,5.677292174253745,260.68377685546875,639.4267578125,0.8385256270637816,5.677292174253745,0.0,0,6.336986787667206,48.82652824744582
GT+smooth-jitter_controlled_forward3x6_SoftMS_local_prior_3frame_causal_heading_continuous_waypoint_RNN_polynomial_Kalman,1,controlled_gt_jitter,8.0,266.4922710737538,650.7116066229086,3.7858806928944055,4.61327898618986,0,1,6,261.7348950137197,646.2580255052897,257.86290349508664,646.8945172617773,11462,260.7518005371094,647.3020629882812,260.7222595214844,647.296142578125,0.9956952333450317,1,1.4502129833396733,9.025170002132654,93,/yh/study/cvpr_data/Bearing_UAV_90K/citya/uav_254k_34bc_b15_s100/blk_4_11_s_068_v3d.jpg,262.7063903808594,646.0983276367188,742.7037514239134,-4.90849092203534,4,8.42973966479899,8.42973966479899,1,8.42973966479899,25.69958835374907,-12.000000000000002,742.7037514239134,-4.823200514548403,262.62222948972055,646.1121623037553,0.0852904074869712,9.672523790004275,1,0.0,0,0,0.5225974643776866,1.0,747.8700561523438,-7.895930290222168,1,1,6,18,1,80.66500153686178,252.75181579589844,655.3020629882812,258.244873046875,653.6964111328125,8,258.244873046875,653.6964111328125,749.4775390625,0.7264010310173035,0.8128710985183716,0.17521944642066956,4.0,32.13479232788086,1,749.4775390625,0.7264010310173035,8.811141032536382,4.0,32.13479232788086,0.5225974643776866,749.4775390625,0.7264010310173035,749.4775390625,-2.61091469832522,0.0,3.3373157293425235,0.0,0,8.142501893916767,8.142501893916767,0.0,0.0,0.0,0.0,0.0,0.0,0.0,80.66500153686178,80.66500153686178,54.96541318311271,0.0,0.0,0.1310568364039487,1.0,743.5638643633788,-2.7563427783554872,4,4,5,115.5895781962451,0.37502024969566483,0.8601129394653526,8.42973966479899,260.7222595214844,647.296142578125,7.869478858541683,8.42973966479899,0.0,0,2.317657416655929,52.8319850564003
GT+smooth-jitter_controlled_forward3x6_SoftMS_local_prior_3frame_causal_heading_continuous_waypoint_RNN_polynomial_Kalman,1,controlled_gt_jitter,8.0,258.87619573854636,659.3208985355761,3.6189325549526026,4.738745215263654,0,1,6,262.38112911895166,653.4111068651853,259.0248177984709,653.9628292740314,11581,260.7518005371094,655.3020629882812,260.74456787109375,655.2650146484375,0.9948536157608032,1,2.4729146339478496,13.389416970312595,94,/yh/study/cvpr_data/Bearing_UAV_90K/citya/uav_254k_34bc_b15_s100/blk_4_12_s_041_v3d.jpg,255.25726318359375,654.5821533203125,749.8669266661495,3.8181186532616183,4,11.290030745336674,11.290030745336674,1,11.290030745336674,131.28438446762974,12.000000000000002,749.8669266661495,-3.9239571960513304,262.896809317104,653.3263375175437,7.742075849312961,9.312107123437666,1,0.0,0,0,0.5208460522729946,1.0,755.1299438476562,1.015768051147461,1,1,6,18,1,80.66500153686178,252.75181579589844,655.3020629882812,255.269775390625,660.9945678710938,9,255.269775390625,660.9945678710938,756.1964721679688,4.845908164978027,0.8206737637519836,0.2247132807970047,4.0,28.774436950683594,1,756.1964721679688,4.845908164978027,6.412448638390402,4.0,28.774436950683594,0.5208460522729946,756.1964721679688,4.845908164978027,756.1964721679688,-1.7145612098008893,0.0,6.560469374778916,0.0,0,10.959882305088627,10.959882305088627,0.0,0.0,0.0,0.0,0.0,0.0,0.0,80.66500153686178,80.66500153686178,50.61938293076796,0.0,0.0,0.09374762974230808,1.0,751.4308217759146,-1.4857520477039718,4,4,5,107.72262078370926,0.4175559969149691,1.5638951097650988,11.290030745336674,260.74456787109375,655.2650146484375,7.9689032956529795,11.290030745336674,0.0,0,5.529630396953137,58.38046362623572
GT+smooth-jitter_controlled_forward3x6_SoftMS_local_prior_3frame_causal_heading_continuous_waypoint_RNN_polynomial_Kalman,1,controlled_gt_jitter,8.0,265.85588097989256,669.9751106898851,3.447616819736316,4.857862154728847,0,1,6,264.1634367145304,664.8287270193687,260.89919885983176,665.3653140639767,11700,260.7518005371094,663.3020629882812,260.7684326171875,663.344970703125,0.9931444525718689,1,3.7050756573878627,9.167054668068886,95,/yh/study/cvpr_data/Bearing_UAV_90K/citya/uav_254k_34bc_b15_s100/blk_5_12_s_005_v3d.jpg,262.40826416015625,665.1172485351562,761.4224432598862,-1.5293183407101445,4,12.732833390593843,12.732833390593843,1,12.732833390593843,55.83216449044991,-12.000000000000002,761.4224432598862,-3.4013560966782217,264.2555101803125,664.8135916551306,1.8720377559680945,9.973000932330084,1,0.0,0,0,0.180828717261669,1.0,766.7752075195312,-4.143300533294678,1,1,6,18,1,80.66500153686178,252.75181579589844,679.3020629882812,259.73834228515625,672.9481201171875,9,259.73834228515625,672.9481201171875,768.716552734375,2.37546443939209,0.8905395865440369,0.0009820014238357544,4.0,34.16110610961914,1,768.716552734375,2.37546443939209,8.273533802771931,4.0,34.16110610961914,0.180828717261669,768.716552734375,2.37546443939209,768.4980841840388,-1.7529887131964677,0.21846855033618517,4.128453152588557,0.0,0,12.464206719346336,12.464206719346336,0.0,0.0,0.0,0.0,0.0,0.0,0.0,80.66500153686178,80.66500153686178,24.832837046411868,0.0,0.0,0.028412208162511415,1.0,759.4076445252389,-0.19867854644263083,4,4,5,99.74579803438502,0.460685773559976,2.014798734647343,12.732833390593843,260.7684326171875,663.344970703125,8.079991297754429,12.732833390593843,0.0,0,2.414542648872589,56.00507790222764
GT+smooth-jitter_controlled_forward3x6_SoftMS_local_prior_3frame_causal_heading_continuous_waypoint_RNN_polynomial_Kalman,1,controlled_gt_jitter,8.0,270.98751776115114,677.6958747634607,3.2721857299011132,4.970471931429369,0,1,6,265.24772926764035,673.1310361630356,262.25658255022097,673.6227315138442,11820,268.7518005371094,671.3020629882812,260.9390563964844,671.452392578125,0.9639074206352234,1,4.624122208138196,9.195973165333271,96,/yh/study/cvpr_data/Bearing_UAV_90K/citya/uav_254k_34bc_b15_s100/blk_5_12_s_002_v3d.jpg,267.71533203125,672.7254028320312,769.7906828253092,-5.532010905614602,4,9.27625900853642,9.27625900853642,1,9.27625900853642,55.102300263891806,-0.7298642265581063,769.7906828253092,-3.308046920539189,265.5208204049196,673.0861444692362,2.2239639850754096,10.023578528928798,1,0.0,0,0,0.17703629023028056,1.0,775.22607421875,-7.95461893081665,1,1,6,18,1,80.66500153686178,252.75181579589844,679.3020629882812,264.40338134765625,678.3123779296875,5,264.40338134765625,678.3123779296875,774.7664184570312,-1.3576767444610596,0.8964532017707825,0.01583106815814972,4.0,95.56483459472656,1,774.7664184570312,-1.3576767444610596,6.4948449377765565,4.0,95.56483459472656,0.17703629023028056,774.7664184570312,-1.3576767444610596,774.7664184570312,-1.6659370416592258,0.0,0.3082602971981663,0.0,1,9.203617453087345,9.203617453087345,0.0,0.0,0.0,0.0,0.0,0.0,0.0,80.66500153686178,80.66500153686178,25.562701272969974,0.0,0.0,0.03841103883188612,1.0,767.4353746438708,0.9480346154691472,4,4,5,91.71806791575312,0.5040908005818336,2.3553081814384313,9.27625900853642,260.9390563964844,671.452392578125,8.109217097432406,9.27625900853642,0.0,0,6.894814470663349,46.902303118258715
GT+smooth-jitter_controlled_forward3x6_SoftMS_local_prior_3frame_causal_heading_continuous_waypoint_RNN_polynomial_Kalman,1,controlled_gt_jitter,8.0,264.22354317303456,682.7624622766303,3.0928974210814357,5.076427120380348,0,1,6,265.45829800254285,676.9746402657421,262.87732420777564,677.3989099306353,11939,268.7518005371094,679.3020629882812,261.26287841796875,679.2330322265625,0.9451674222946167,1,4.764648962864538,9.473801590502262,97,/yh/study/cvpr_data/Bearing_UAV_90K/citya/uav_254k_34bc_b15_s100/blk_5_12_s_032_v3d.jpg,261.1306457519531,677.68603515625,773.6175410198159,1.7701204826843868,4,8.244147406059916,8.244147406059916,1,8.244147406059916,143.00713056451207,12.000000000000002,773.6175410198159,-3.0312906497292134,265.868470925195,676.9072145798267,4.8014111324135715,9.836406562453435,1,0.0,0,0,0.40024721888585135,1.0,779.12841796875,-0.458387166261673,1,1,6,18,1,80.66500153686178,252.75181579589844,679.3020629882812,260.872314453125,683.5844116210938,7,260.872314453125,683.5844116210938,779.3958740234375,2.9817862510681152,0.8841660022735596,0.09632354974746704,4.0,67.85716247558594,1,779.3958740234375,2.9817862510681152,5.904004254318881,4.0,67.85716247558594,0.40024721888585135,779.3958740234375,2.9817862510681152,779.3958740234375,-1.0208827385675585,0.0,4.002668989635673,0.0,0,7.89076426913566,7.89076426913566,0.0,0.0,0.0,0.0,0.0,0.0,0.0,80.66500153686178,80.66500153686178,62.3421290276503,0.0,0.0,0.06357404449473185,1.0,775.1654999383204,1.890572133314342,4,4,5,83.98794262130349,0.5458867120449252,1.5479589185044915,8.244147406059916,261.26287841796875,679.2330322265625,7.787375298548019,8.244147406059916,0.0,0,1.5526382107616243,51.53777822852135
GT+smooth-jitter_controlled_forward3x6_SoftMS_local_prior_3frame_causal_heading_continuous_waypoint_RNN_polynomial_Kalman,1,controlled_gt_jitter,8.0,263.96290243397925,696.812004545639,2.910015471088625,5.175590971420185,0,1,6,267.5616211137141,690.3953691267184,265.1081545071573,690.9697942518735,12058,268.7518005371094,687.3020629882812,268.1918029785156,689.8721923828125,0.8187724947929382,1,0.8190501132950616,9.118852205574512,98,/yh/study/cvpr_data/Bearing_UAV_90K/citya/uav_254k_34bc_b15_s100/blk_5_13_s_009_v3d.jpg,261.0528869628906,691.6364135742188,787.370559055326,4.109692954042496,4,13.950595128302044,13.950595128302044,1,13.950595128302044,90.31936082023563,-12.000000000000002,787.2020885378538,-2.615612830260581,267.6618012720348,690.3792851551515,6.72741556674158,10.49215689229798,1,0.0,0,0,0.18967527397178652,1.0,792.9496459960938,2.077730417251587,1,1,6,18,1,80.66500153686178,252.75181579589844,695.3020629882812,263.20379638671875,698.96044921875,13,263.20379638671875,698.96044921875,794.9464721679688,3.1752753257751465,0.919320821762085,0.012339144945144653,7.512242794036865,35.76191711425781,1,794.9464721679688,3.1752753257751465,7.633321413010683,7.512242794036865,35.76191711425781,0.18967527397178652,794.9464721679688,3.1752753257751465,794.3403865176381,-0.9526486282071331,0.6060856503306544,4.12792395398228,0.0,1,13.584547518037882,13.584547518037882,0.0,0.0,0.0,0.0,0.0,0.0,0.0,80.66500153686178,80.66500153686178,9.654359283373855,0.0,0.0,0.0289033974148324,1.0,786.7876810621062,-3.2208494225742577,4,4,5,72.36576149751767,0.6087265283162798,0.5828779932197676,13.950595128302044,268.1918029785156,689.8721923828125,12.696524106860398,13.950595128302044,0.0,0,7.353679234937706,50.451226998120546
GT+smooth-jitter_controlled_forward3x6_SoftMS_local_prior_3frame_causal_heading_continuous_waypoint_RNN_polynomial_Kalman,1,controlled_gt_jitter,8.0,267.0643540944358,707.3429718929864,2.7238084401389453,5.26783761564261,0,1,6,268.9865799002322,701.1197829695933,266.8654616855786,701.66007958727,12296,268.7518005371094,703.3020629882812,268.73626708984375,703.2259521484375,0.9896947145462036,1,2.1209915400486157,8.711256086826324,99,/yh/study/cvpr_data/Bearing_UAV_90K/citya/uav_254k_34bc_b15_s100/blk_4_12_s_057_v3d.jpg,264.3405456542969,702.0751342773438,798.2043178246325,2.55880272017515,4,10.944203469829567,10.944203469829567,1,10.944203469829567,72.51826076687793,-12.000000000000002,798.0203768158104,-2.5141504496139118,269.3164803387269,701.0707627455461,5.076286847450519,10.43527554762714,1,0.0,0,0,0.4482901348738298,1.0,803.84423828125,0.7255442142486572,1,1,6,18,1,80.66500153686178,252.75181579589844,719.3020629882812,261.22711181640625,712.94775390625,11,261.22711181640625,712.94775390625,808.4279174804688,7.394615650177002,0.8318144679069519,0.09389069676399231,4.0,30.294055938720703,1,808.4279174804688,7.394615650177002,11.309601081240084,4.0,30.294055938720703,0.4482901348738298,808.4279174804688,7.394615650177002,806.9903530697185,-0.42447172707209235,1.4375644107503067,7.819087377249094,0.0,1,10.818667192243202,10.818667192243202,0.0,0.0,0.0,0.0,0.0,0.0,0.0,80.66500153686178,80.66500153686178,8.146740769983854,0.0,0.0,0.11726135751384573,1.0,800.052910235683,-1.5920351240631805,4,4,5,59.100532323940854,0.6804501191970806,1.8485924110505039,10.944203469829567,268.73626708984375,703.2259521484375,13.364854696050735,10.944203469829567,2.4206512262211675,0,4.543869354565009,51.62439402192831
GT+smooth-jitter_controlled_forward3x6_SoftMS_local_prior_3frame_causal_heading_continuous_waypoint_RNN_polynomial_Kalman,1,controlled_gt_jitter,8.0,269.2436863659403,710.3015996145261,2.534549403049644,5.3530522512448755,0,1,6,269.17110947425704,704.5438395531936,267.38769574582324,704.837003453758,12296,268.7518005371094,703.3020629882812,268.74566650390625,703.3277587890625,0.9963259696960449,1,1.2883532690650483,9.475105907768011,100,/yh/study/cvpr_data/Bearing_UAV_90K/citya/uav_254k_34bc_b15_s100/blk_4_12_s_049_v3d.jpg,266.7091369628906,704.9485473632812,801.4238789231583,0.6876656641469834,4,3.723805519838908,3.723805519838908,1,3.723805519838908,50.50080316932551,-12.000000000000002,801.4238789231583,-2.1806675386206678,269.53948430839836,704.4832847859375,2.8683332027676336,9.912778838169851,1,0.0,0,0,0.4816945541888883,1.0,807.1171875,-0.9450178146362305,1,1,6,18,1,80.66500153686178,252.75181579589844,719.3020629882812,263.22552490234375,713.3511962890625,6,263.22552490234375,713.3511962890625,809.1502075195312,5.4881086349487305,0.8557955622673035,0.12120117247104645,4.0,57.107723236083984,1,809.1502075195312,5.4881086349487305,9.096175366331156,4.0,57.107723236083984,0.4816945541888883,809.1502075195312,5.4881086349487305,809.1502075195312,-0.03587152420900219,0.0,5.523980159157732,0.0,1,3.6985925258990804,3.6985925258990804,0.0,0.0,0.0,0.0,0.0,0.0,0.0,80.66500153686178,80.66500153686178,30.16419836753627,0.0,0.0,0.1243346319192414,1.0,800.1548932794864,-1.5847963509155238,4,4,5,58.998549280137524,0.6810015299578611,1.2689856436719538,3.723805519838908,268.74566650390625,703.3277587890625,0.10223962568430219,3.723805519838908,0.0,0,2.6027693278020934,52.51477286219597
GT+smooth-jitter_controlled_forward3x6_SoftMS_local_prior_3frame_causal_heading_continuous_waypoint_RNN_polynomial_Kalman,1,controlled_gt_jitter,8.0,270.1831526813901,712.867288535034,2.342515474358814,5.431131308471528,0,1,6,269.47808178638945,707.1669882546132,267.815629653258,707.4402680573197,12296,268.7518005371094,703.3020629882812,268.7493591308594,707.4171142578125,0.8489700555801392,1,0.7704542336565207,7.879238575696945,101,/yh/study/cvpr_data/Bearing_UAV_90K/citya/uav_254k_34bc_b15_s100/blk_4_12_s_033_v3d.jpg,267.84063720703125,707.4361572265625,804.0620817253116,-0.025343178080783457,4,2.732854850588383,2.732854850588383,1,2.732854850588383,65.54137760540466,12.000000000000002,804.0620817253116,-1.8073487763462812,269.5990433816918,707.1471041567553,1.7820055982654122,10.448099994710251,1,0.0,0,0,0.26147164570211107,1.0,809.80126953125,-1.4558709859848022,1,1,6,18,1,80.66500153686178,252.75181579589844,719.3020629882812,264.9208679199219,718.218505859375,9,264.9208679199219,718.218505859375,814.22802734375,4.604727268218994,0.8347485661506653,0.020741313695907593,4.0,33.40522766113281,1,814.22802734375,4.604727268218994,11.170676016013706,4.0,33.40522766113281,0.26147164570211107,814.22802734375,4.604727268218994,811.7088882022513,-0.025920560937797932,2.519139141498723,4.630647829156792,0.0,1,2.725282686713574,2.725282686713574,0.0,0.0,0.0,0.0,0.0,0.0,0.0,80.66500153686178,80.66500153686178,15.123623931457118,0.0,0.0,0.04295324559036006,1.0,804.1906916399341,-0.9251196277423467,4,4,5,54.96275091968977,0.7028226343424536,0.1286099146225297,2.732854850588383,268.7493591308594,707.4171142578125,4.089357135943173,2.732854850588383,1.35650228535479,0,0.9089214319756698,43.244760017842054
GT+smooth-jitter_controlled_forward3x6_SoftMS_local_prior_3frame_causal_heading_continuous_waypoint_RNN_polynomial_Kalman,1,controlled_gt_jitter,8.0,278.1222610089759,727.9752491949428,2.147987327335274,5.5019825933803,0,1,6,271.8532616816894,723.1506932316914,270.43645031191755,723.383593730832,12534,268.7518005371094,719.3020629882812,268.7969055175781,724.7413330078125,0.8600822687149048,1,3.445496756532996,9.034831076860428,102,/yh/study/cvpr_data/Bearing_UAV_90K/citya/uav_254k_34bc_b15_s100/blk_5_12_s_076_v3d.jpg,275.9742736816406,722.4732666015625,820.2193814519533,-5.612146038418371,4,17.09592643458695,17.09592643458695,1,17.09592643458695,61.590855747517416,-3.9505218578872436,820.2193814519533,-1.6847637654937808,272.098902445049,723.1103139281255,3.9273822729246253,10.593824422618644,1,0.0,0,0,0.2326984966541397,1.0,825.9969482421875,-6.839229106903076,1,1,6,18,1,80.66500153686178,260.7518005371094,735.3020629882812,270.97796630859375,733.5009765625,9,270.97796630859375,733.5009765625,830.2905883789062,1.1067616939544678,0.855463445186615,0.0154791921377182,4.0,39.20211410522461,1,830.2905883789062,1.1067616939544678,12.106730775962845,4.0,39.20211410522461,0.2326984966541397,830.2905883789062,1.1067616939544678,827.6623978148776,0.04918875398554956,2.6281905640286602,1.057572939968918,0.0,1,16.478252319819994,16.478252319819994,0.0,0.0,0.0,0.0,0.0,0.0,0.0,80.66500153686178,80.66500153686178,19.074145789344364,0.0,0.0,0.0667140068336516,1.0,821.2931949541072,1.8380662772307224,4,4,5,37.86024760551669,0.7952939316485474,1.0738135021539392,17.09592643458695,268.7969055175781,724.7413330078125,17.32428399550012,17.09592643458695,0.22835756091317094,0,7.52719994324966,48.34019113332033
GT+smooth-jitter_controlled_forward3x6_SoftMS_local_prior_3frame_causal_heading_continuous_waypoint_RNN_polynomial_Kalman,1,controlled_gt_jitter,8.0,267.87730461606,731.2641338086395,1.9512487078568725,5.5655254102019605,0,1,6,272.0164509698809,724.6974475663808,270.68831511270093,724.9157712689309,12653,268.7518005371094,727.3020629882812,268.822021484375,727.170654296875,0.9771325588226318,1,4.039941988399264,10.177932679653168,103,/yh/study/cvpr_data/Bearing_UAV_90K/citya/uav_254k_34bc_b15_s100/blk_5_12_s_016_v3d.jpg,265.9260559082031,725.6986083984375,821.7721222178664,4.82617309077888,4,10.553175357639715,10.553175357639715,1,10.553175357639715,162.2040734007751,12.000000000000002,821.7721222178664,-1.435826277797791,272.10512648247277,724.6828707697904,6.2619993685766735,11.347086712943112,1,0.0,0,0,0.24251868702698315,1.0,827.5804443359375,3.803529977798462,1,1,6,18,1,80.66500153686178,268.7518005371094,743.3020629882812,263.3059387207031,735.6603393554688,9,263.3059387207031,735.6603393554688,831.1769409179688,9.027450561523438,0.9025830030441284,0.027369685471057892,4.0,31.01760482788086,1,831.1769409179688,9.027450561523438,10.300550818668903,4.0,31.01760482788086,0.24251868702698315,831.1769409179688,9.027450561523438,829.2846915418655,0.31432955579673116,1.892249376103229,8.713121005726705,0.0,0,9.833140590301586,9.833140590301586,0.0,0.0,0.0,0.0,0.0,0.0,0.0,80.66500153686178,80.66500153686178,81.5390718639133,0.0,0.0,0.022575091020725635,1.0,823.6944182759592,2.2073348730723064,4,4,5,35.459024283664746,0.8082770740350357,1.9222960580927975,10.553175357639715,268.822021484375,727.170654296875,2.4294511185204835,10.553175357639715,0.0,0,3.2486205911862296,54.75908890366554
GT+smooth-jitter_controlled_forward3x6_SoftMS_local_prior_3frame_causal_heading_continuous_waypoint_RNN_polynomial_Kalman,1,controlled_gt_jitter,8.0,264.6499858464878,739.6014269902374,1.7525859441440979,5.621690662112459,0,1,6,273.1673270157148,732.2915291314065,271.93409285828153,732.4942525545462,12773,276.7518005371094,735.3020629882812,269.98101806640625,734.8959350585938,0.8733249306678772,1,4.115275805339418,8.620934095233679,104,/yh/study/cvpr_data/Bearing_UAV_90K/citya/uav_254k_34bc_b15_s100/blk_5_12_s_092_v3d.jpg,262.89739990234375,733.979736328125,829.4523136730193,9.157973663505562,4,8.817586800802045,8.817586800802045,1,8.817586800802045,110.0889766508606,-12.000000000000002,829.4523136730193,-1.3459606584972825,273.2622287154615,732.275928851996,10.503934322002829,12.09510396410237,1,0.0,0,0,0.1810716081075011,1.0,835.2838134765625,8.340473175048828,1,1,6,18,1,80.66500153686178,244.75181579589844,743.3020629882812,263.3393249511719,742.3033447265625,7,263.3393249511719,742.3033447265625,837.7373657226562,10.07204532623291,0.9235444664955139,0.010042399168014526,4.0,40.029144287109375,1,837.7373657226562,10.07204532623291,8.335323297256927,4.0,40.029144287109375,0.1810716081075011,837.7373657226562,10.07204532623291,836.5296749077671,0.3028074948800945,1.2076908148891645,9.769237831352816,0.0,0,8.726595173150114,8.726595173150114,0.0,0.0,0.0,0.0,0.0,0.0,0.0,80.66500153686178,80.66500153686178,29.42397511399882,0.0,0.0,0.019887146540058024,1.0,831.5053886375974,2.3167786218647173,4,4,5,27.648053922026463,0.8505101056147792,2.0530749645781725,8.817586800802045,269.98101806640625,734.8959350585938,7.811737061917916,8.817586800802045,0.0,0,7.142623216154464,53.10902884230018
GT+smooth-jitter_controlled_forward3x6_SoftMS_local_prior_3frame_causal_heading_continuous_waypoint_RNN_polynomial_Kalman,1,controlled_gt_jitter,8.0,272.9771531759968,754.1587632154395,1.5522874533405908,5.670420930283291,0,1,6,275.4927367334532,747.8196511600937,274.48068410558363,747.9860159756339,13011,276.7518005371094,751.3020629882812,276.6794128417969,750.0531005859375,0.8985099792480469,1,2.5291295980861808,6.771453190594912,105,/yh/study/cvpr_data/Bearing_UAV_90K/citya/uav_254k_34bc_b15_s100/blk_4_14_s_008_v3d.jpg,271.42486572265625,748.4883422851562,845.1519907676537,3.0968302683026194,4,16.829061772214178,16.829061772214178,1,16.829061772214178,59.555020984840745,-12.000000000000002,845.1519907676537,-1.249785290899885,275.7139182630169,747.7832925524942,4.346615559202483,12.375906090620465,1,0.0,0,0,0.2649974721731548,1.0,850.9990844726562,2.484879732131958,1,1,6,18,1,80.66500153686178,268.7518005371094,767.3020629882812,271.62310791015625,759.5415649414062,9,271.62310791015625,759.5415649414062,856.0910034179688,4.694118976593018,0.9154825210571289,0.04136059433221817,4.0,38.357627868652344,1,856.0910034179688,4.694118976593018,11.055013748584122,4.0,38.357627868652344,0.2649974721731548,856.0910034179688,4.694118976593018,852.8237694357614,0.5374605381858204,3.2672339822073084,4.156658438407197,0.0,1,16.232736830437045,16.232736830437045,0.0,0.0,0.0,0.0,0.0,0.0,0.0,80.66500153686178,80.66500153686178,21.109980552021035,0.0,0.0,0.045629719441325774,1.0,847.5483489145282,-1.834315805283226,4,4,5,11.605093645095678,0.937252573789512,2.3963581468744906,16.829061772214178,276.6794128417969,750.0531005859375,16.57130530134178,16.829061772214178,0.0,0,5.482584606472833,42.40403091534972
GT+smooth-jitter_controlled_forward3x6_SoftMS_local_prior_3frame_causal_heading_continuous_waypoint_RNN_polynomial_Kalman,1,controlled_gt_jitter,8.0,275.1917076990638,756.6919561756531,1.3506432459387698,5.711670531121836,0,1,6,275.5848391690296,750.6936377460263,274.94311330346414,750.799126929407,13011,276.7518005371094,751.3020629882812,276.7215270996094,751.2994995117188,0.9957007169723511,1,1.2880713996722994,7.3661720380187035,106,/yh/study/cvpr_data/Bearing_UAV_90K/citya/uav_254k_34bc_b15_s100/blk_4_13_s_039_v3d.jpg,273.841064453125,750.9802856445312,848.002856250501,1.1168393566665338,4,3.4709938074637874,3.4709938074637874,1,3.4709938074637874,45.88414373512151,-12.000000000000002,848.002856250501,-1.0256353023504452,275.95516593133374,750.6327621138668,2.1424746590169703,11.37997060813871,1,0.0,0,0,0.4185321399386881,1.0,853.8579711914062,0.7105535864830017,1,1,6,18,1,80.66500153686178,268.7518005371094,767.3020629882812,271.2947692871094,761.0794677734375,8,271.2947692871094,761.0794677734375,857.5552368164062,5.2675676345825195,0.8400529623031616,0.08292867243289948,4.0,27.440793991088867,1,857.5552368164062,5.2675676345825195,10.415206177170703,4.0,27.440793991088867,0.4185321399386881,857.5552368164062,5.2675676345825195,856.7620670727008,1.0149427285483903,0.7931697437054162,4.2526249060341295,0.0,1,3.4213835414944707,3.4213835414944707,0.0,0.0,0.0,0.0,0.0,0.0,0.0,80.66500153686178,80.66500153686178,34.78085780174027,0.0,0.0,0.12970850784501428,1.0,848.7850727636746,-1.6736982039685324,4,4,5,10.368369795949263,0.9439393994921085,0.7822165131735801,3.4709938074637874,276.7215270996094,751.2994995117188,1.2471102168211725,3.4709938074637874,0.0,0,2.898096366720156,39.263822603970766
GT+smooth-jitter_controlled_forward3x6_SoftMS_local_prior_3frame_causal_heading_continuous_waypoint_RNN_polynomial_Kalman,1,controlled_gt_jitter,8.0,282.55410287631327,771.9025710790055,1.147944429047655,5.745405551661726,0,1,6,277.0113148994118,761.7593859495296,276.751812,761.802044,13130,276.7518005371094,759.3020629882812,276.751953125,759.645751953125,0.964539110660553,1,2.129487544171897,7.880358956754208,107,/yh/study/cvpr_data/Bearing_UAV_90K/citya/uav_254k_34bc_b15_s100/blk_5_13_s_046_v3d.jpg,281.4061584472656,766.1571655273438,859.153442559624,-3.8862786355778938,4,16.957839783342138,16.957839783342138,1,16.957839783342138,63.50550072195726,12.000000000000002,859.153442559624,-0.6503384152470199,277.3935378655654,761.6965548166194,5.999847651841943,10.983236095070033,1,0.0,0,0,0.24605969353750665,1.0,859.1534423828125,-4.087078094482422,1,1,6,18,1,80.66500153686178,268.7518005371094,767.3020629882812,275.8302001953125,766.4940185546875,10,275.8302001953125,766.4940185546875,859.1534423828125,1.670475959777832,0.8659770488739014,0.014409974217414856,4.0,11.298331260681152,1,859.1534423828125,1.670475959777832,7.51028535778858,4.0,11.298331260681152,0.24605969353750665,859.1534423828125,1.670475959777832,859.1534423828125,1.105660079089866,0.0,0.564815880687966,0.0,0,16.351212600674767,16.351212600674767,0.0,0.0,0.0,0.0,0.0,0.0,0.0,80.66500153686178,80.66500153686178,17.159500814904515,0.0,0.0,0.004403924604096344,1.0,857.0257295711391,-0.3499040582299644,4,4,5,2.1277129884848023,0.9884956969909099,2.127712988484859,16.957839783342138,276.751953125,759.645751953125,8.346307899826177,16.957839783342138,0.0,0,8.003757487350917,43.31608582288027
